#article_name 	topic_name1,topic_prop1	topic_name2,topic_prop2...
Aaron_Sorkin	film,0.5145482388973966	literature,0.10872894333843798	generic,0.09494640122511486	family,0.08422664624808576	music/rock,0.08422664624808576	war/ancient,0.030627871362940276	politics/art,0.027565084226646247	music/orchestra,0.026033690658499236	empire/religion,0.016845329249617153	royalty,0.01225114854517611
Abbas_Kiarostami	politics/art,0.3218390804597701	literature,0.135632183908046	film,0.12413793103448276	music/rock,0.09195402298850575	family,0.08735632183908046	music/orchestra,0.08735632183908046	generic,0.059770114942528735	war/ancient,0.0367816091954023	royalty,0.034482758620689655	empire/religion,0.020689655172413793
Abdul_Karim	royalty,0.18633540372670807	generic,0.14906832298136646	family,0.14285714285714285	film,0.11180124223602485	politics/art,0.10559006211180125	literature,0.08695652173913043	empire/religion,0.07453416149068323	music/orchestra,0.055900621118012424	music/rock,0.043478260869565216	war/ancient,0.043478260869565216
Abu_Nidal	politics/art,0.40049751243781095	generic,0.12437810945273632	family,0.11442786069651742	war/ancient,0.08955223880597014	empire/religion,0.08955223880597014	literature,0.05970149253731343	royalty,0.0472636815920398	film,0.02736318407960199	music/rock,0.02736318407960199	music/orchestra,0.01990049751243781
AC_DC	music/rock,0.6397216274089935	generic,0.11937901498929336	family,0.08297644539614561	film,0.059421841541755886	literature,0.035331905781584586	war/ancient,0.022483940042826552	politics/art,0.014989293361884369	empire/religion,0.010171306209850108	royalty,0.009100642398286937	music/orchestra,0.006423982869379015
Adam_Gilchrist	film,0.13846153846153847	royalty,0.12307692307692308	music/orchestra,0.1076923076923077	music/rock,0.1076923076923077	literature,0.1076923076923077	generic,0.09230769230769231	war/ancient,0.09230769230769231	family,0.07692307692307693	politics/art,0.07692307692307693	empire/religion,0.07692307692307693
Adelaide_Anne_Procter	literature,0.41656050955414015	family,0.20254777070063695	generic,0.1859872611464968	royalty,0.04076433121019108	music/rock,0.03949044585987261	music/orchestra,0.02802547770700637	politics/art,0.025477707006369428	film,0.024203821656050957	war/ancient,0.02165605095541401	empire/religion,0.015286624203821656
Adeodato_de_Canterbury	empire/religion,0.5986159169550173	generic,0.17647058823529413	family,0.08304498269896193	royalty,0.03806228373702422	music/rock,0.0265282583621684	literature,0.0196078431372549	war/ancient,0.01845444059976932	music/orchestra,0.014994232987312572	politics/art,0.01384083044982699	film,0.010380622837370242
Adolfo_Farsari	politics/art,0.4472396925227114	generic,0.24528301886792453	family,0.09154437456324249	literature,0.06848357791754019	music/orchestra,0.047519217330538085	music/rock,0.0363382250174703	royalty,0.017470300489168415	empire/religion,0.01607267645003494	film,0.015373864430468204	war/ancient,0.014675052410901468
Adrian_Boult	music/orchestra,0.5044404973357016	generic,0.17229129662522202	film,0.07104795737122557	music/rock,0.0586145648312611	royalty,0.0497335701598579	literature,0.04262877442273535	family,0.03019538188277087	war/ancient,0.03019538188277087	politics/art,0.023090586145648313	empire/religion,0.017761989342806393
Aelle_de_Sussex	empire/religion,0.6251039068994181	generic,0.21529509559434745	family,0.05320033250207814	literature,0.02493765586034913	royalty,0.019118869492934332	politics/art,0.017456359102244388	music/orchestra,0.014131338320864505	war/ancient,0.013300083125519535	film,0.010806317539484621	music/rock,0.006650041562759767
Aeneas_Mackintosh	war/ancient,0.5031413612565445	generic,0.27958115183246074	family,0.12827225130890052	film,0.024607329842931937	literature,0.01780104712041885	royalty,0.01780104712041885	politics/art,0.008900523560209424	music/rock,0.007329842931937173	empire/religion,0.006806282722513089	music/orchestra,0.005759162303664921
Agustín_de_Canterbury	empire/religion,0.5341246290801187	generic,0.19881305637982197	family,0.08753709198813056	royalty,0.06379821958456973	politics/art,0.02967359050445104	film,0.02225519287833828	war/ancient,0.020771513353115726	literature,0.016320474777448073	music/orchestra,0.01483679525222552	music/rock,0.011869436201780416
Alain_Prost	film,0.5915857605177993	generic,0.21165048543689322	politics/art,0.05372168284789644	family,0.041423948220064725	war/ancient,0.026537216828478965	music/rock,0.019417475728155338	royalty,0.018122977346278317	empire/religion,0.01488673139158576	music/orchestra,0.013592233009708738	literature,0.009061488673139158
Albert_Kesselring	war/ancient,0.6725978647686833	generic,0.0800711743772242	royalty,0.06405693950177936	music/orchestra,0.042704626334519574	politics/art,0.030249110320284697	music/rock,0.030249110320284697	family,0.02491103202846975	literature,0.023131672597864767	film,0.019572953736654804	empire/religion,0.012455516014234875
Albert_Speer	war/ancient,0.3864801864801865	generic,0.3247086247086247	family,0.1337995337995338	politics/art,0.04242424242424243	literature,0.03333333333333333	music/orchestra,0.02261072261072261	empire/religion,0.020512820512820513	royalty,0.018414918414918414	film,0.014685314685314685	music/rock,0.0030303030303030303
Alberto_de_Sajonia-Coburgo-Gotha	royalty,0.543010752688172	generic,0.21863799283154123	family,0.0913978494623656	music/orchestra,0.034050179211469536	empire/religion,0.02867383512544803	politics/art,0.025089605734767026	music/rock,0.016129032258064516	war/ancient,0.016129032258064516	literature,0.016129032258064516	film,0.010752688172043012
Alberto_Víctor_de_Clarence	royalty,0.4527053328143246	generic,0.2098092643051771	family,0.16738030362008563	literature,0.06383806928766057	war/ancient,0.031529778123783575	film,0.028026469443363178	politics/art,0.017516543402101986	music/rock,0.010509926041261192	music/orchestra,0.009342156481121059	empire/religion,0.009342156481121059
Alboino	empire/religion,0.4066390041493776	generic,0.12863070539419086	war/ancient,0.11618257261410789	royalty,0.08298755186721991	family,0.06639004149377593	politics/art,0.04979253112033195	music/orchestra,0.04979253112033195	music/rock,0.03734439834024896	literature,0.03319502074688797	film,0.029045643153526972
Alcibíades	war/ancient,0.516694691328369	generic,0.31131395628152775	family,0.08719673312515014	empire/religion,0.0360317079029546	literature,0.01441268316118184	royalty,0.010569300984866683	film,0.009608455440787894	music/orchestra,0.0055248618784530384	politics/art,0.005284650492433342	music/rock,0.0033629594042757626
Aldfrith	empire/religion,0.6198952879581152	generic,0.16649214659685863	family,0.07643979057591622	royalty,0.04293193717277487	war/ancient,0.02617801047120419	literature,0.025130890052356022	music/orchestra,0.014659685863874346	politics/art,0.011518324607329843	film,0.011518324607329843	music/rock,0.005235602094240838
Aldred	empire/religion,0.4886934673366834	generic,0.18467336683417085	royalty,0.1708542713567839	war/ancient,0.0414572864321608	family,0.038944723618090454	literature,0.02512562814070352	music/orchestra,0.016331658291457288	politics/art,0.01507537688442211	music/rock,0.01256281407035176	film,0.00628140703517588
Alejandra_de_Dinamarca	royalty,0.48301444748145256	generic,0.21944552909019915	family,0.1550175712612261	war/ancient,0.030066380320187425	film,0.025771183131589222	literature,0.024990238188207732	music/orchestra,0.023037875829754	politics/art,0.017180788754392814	empire/religion,0.015228426395939087	music/rock,0.006247559547051933
Alexander_Rutherford	war/ancient,0.12857142857142856	politics/art,0.11428571428571428	film,0.11428571428571428	royalty,0.11428571428571428	music/orchestra,0.1	music/rock,0.1	family,0.08571428571428572	empire/religion,0.08571428571428572	literature,0.08571428571428572	generic,0.07142857142857142
Alfonso_de_Brasil	family,0.4015151515151515	royalty,0.22474747474747475	generic,0.16666666666666666	empire/religion,0.06060606060606061	politics/art,0.030303030303030304	war/ancient,0.030303030303030304	music/orchestra,0.025252525252525252	literature,0.025252525252525252	film,0.020202020202020204	music/rock,0.015151515151515152
Alfred_Russel_Wallace	literature,0.4905254932604024	generic,0.26430943543660873	family,0.12443836686852901	war/ancient,0.04043758546591131	politics/art,0.022074623949990234	empire/religion,0.018753662824770465	film,0.014455948427427232	royalty,0.012502441883180308	music/rock,0.006641922250439539	music/orchestra,0.005860519632740769
Alice_in_Chains	music/rock,0.6934713375796179	generic,0.12738853503184713	family,0.05652866242038217	film,0.04936305732484077	music/orchestra,0.021496815286624203	literature,0.015127388535031847	politics/art,0.013535031847133758	war/ancient,0.00875796178343949	empire/religion,0.007961783439490446	royalty,0.006369426751592357
Alicia_de_Battenberg	royalty,0.5287870318613751	generic,0.184460592509782	family,0.12129681386249301	war/ancient,0.09111235326998324	politics/art,0.022917831190609278	empire/religion,0.012297372833985467	literature,0.012297372833985467	film,0.011179429849077696	music/orchestra,0.010620458356623811	music/rock,0.005030743432084964
Alphege	empire/religion,0.500590318772137	generic,0.23022432113341204	war/ancient,0.07319952774498228	family,0.06847697756788666	politics/art,0.03305785123966942	royalty,0.0295159386068477	literature,0.025974025974025976	music/orchestra,0.02243211334120425	film,0.008264462809917356	music/rock,0.008264462809917356
Amosis_I	empire/religion,0.4730371612182174	generic,0.2196144174350377	family,0.17714445375803298	war/ancient,0.03716121821737916	royalty,0.03269069572506287	politics/art,0.027102542609667504	literature,0.013411567476948869	music/rock,0.010058675607711651	music/orchestra,0.00586756077116513	film,0.003911707180776753
Ana_de_Dinamarca	royalty,0.6156583629893239	family,0.09252669039145907	generic,0.08540925266903915	war/ancient,0.042704626334519574	music/orchestra,0.03914590747330961	empire/religion,0.03558718861209965	politics/art,0.02491103202846975	film,0.021352313167259787	music/rock,0.021352313167259787	literature,0.021352313167259787
Anastasia_Nikolaevna_de_Rusia	family,0.5360213459828046	generic,0.1986362288763712	royalty,0.11977468129261785	war/ancient,0.032018974206937445	music/orchestra,0.03083308627334717	empire/religion,0.03083308627334717	film,0.020753038837829824	literature,0.016009487103468723	politics/art,0.008894159501927068	music/rock,0.006225911651348948
Andrew_Browne_Cunningham	war/ancient,0.5303797468354431	generic,0.23375527426160336	royalty,0.10379746835443038	family,0.049367088607594936	music/orchestra,0.0189873417721519	empire/religion,0.015611814345991562	literature,0.014345991561181435	film,0.013080168776371307	music/rock,0.01139240506329114	politics/art,0.009282700421940928
André_Kertész	politics/art,0.41946640316205536	generic,0.24950592885375494	family,0.11314229249011858	literature,0.07707509881422925	film,0.05237154150197629	music/rock,0.022233201581027668	war/ancient,0.021739130434782608	royalty,0.019268774703557312	music/orchestra,0.016798418972332016	empire/religion,0.008399209486166008
Ann_Bannon	literature,0.4367254975591438	generic,0.251971460758543	family,0.20202778820878708	film,0.03792714983101765	music/rock,0.031543372136687946	music/orchestra,0.010889973713856553	politics/art,0.00938790837401427	war/ancient,0.00938790837401427	royalty,0.006383777694329703	empire/religion,0.003755163349605708
Anna_de_Estanglia	empire/religion,0.6666666666666666	family,0.11274509803921569	generic,0.10686274509803921	royalty,0.029411764705882353	politics/art,0.0196078431372549	literature,0.0196078431372549	film,0.018627450980392157	war/ancient,0.00980392156862745	music/rock,0.008823529411764706	music/orchestra,0.00784313725490196
Anna_Laetitia_Barbauld	literature,0.502476999292286	generic,0.2172682236376504	family,0.14048124557678698	royalty,0.03113941967445152	war/ancient,0.02689313517338995	music/rock,0.019815994338287332	music/orchestra,0.01875442321302194	empire/religion,0.016985138004246284	film,0.01556970983722576	politics/art,0.010615711252653927
Anna_May_Wong	film,0.3012658227848101	music/rock,0.16455696202531644	politics/art,0.12658227848101267	family,0.11645569620253164	literature,0.11139240506329114	generic,0.07088607594936709	royalty,0.04810126582278481	empire/religion,0.02278481012658228	music/orchestra,0.020253164556962026	war/ancient,0.017721518987341773
Antón_Chéjov	music/orchestra,0.3042895442359249	family,0.19571045576407506	literature,0.1648793565683646	generic,0.14343163538873996	film,0.05227882037533512	politics/art,0.03753351206434316	royalty,0.03351206434316354	war/ancient,0.028150134048257374	empire/religion,0.028150134048257374	music/rock,0.012064343163538873
Arresto_y_asesinato_de_Ngô_Đình_Diệm	war/ancient,0.5090609555189456	generic,0.28747940691927515	family,0.04612850082372323	royalty,0.042833607907743	politics/art,0.03459637561779242	music/orchestra,0.023064250411861616	empire/religion,0.022240527182866558	literature,0.01400329489291598	music/rock,0.011532125205930808	film,0.009060955518945634
Art_Ross	film,0.4852941176470588	generic,0.1323529411764706	politics/art,0.06862745098039216	war/ancient,0.058823529411764705	empire/religion,0.05392156862745098	literature,0.049019607843137254	royalty,0.049019607843137254	music/orchestra,0.04411764705882353	family,0.03431372549019608	music/rock,0.024509803921568627
Arthur_Ernest_Percival	war/ancient,0.45778145695364236	generic,0.25124172185430466	royalty,0.061258278145695365	family,0.0591887417218543	politics/art,0.05008278145695364	literature,0.030629139072847682	film,0.029801324503311258	empire/religion,0.029387417218543047	music/rock,0.01945364238410596	music/orchestra,0.011175496688741722
Aspasia_de_Mileto	war/ancient,0.3194244604316547	generic,0.22589928057553957	family,0.22446043165467625	literature,0.13189448441247004	empire/religion,0.049400479616306954	music/orchestra,0.015347721822541967	royalty,0.011990407673860911	politics/art,0.008633093525179856	film,0.007194244604316547	music/rock,0.0057553956834532375
Atalo_I	war/ancient,0.3973288814691152	empire/religion,0.221480244852532	generic,0.20144685587089595	family,0.08402893711741792	royalty,0.04897050639955482	politics/art,0.020589872008903727	film,0.008903728436282694	music/orchestra,0.0077907623817473565	literature,0.005008347245409015	music/rock,0.004451864218141347
Audioslave	music/rock,0.610105580693816	generic,0.2319004524886878	family,0.06636500754147813	film,0.02526395173453997	literature,0.01546003016591252	music/orchestra,0.015082956259426848	war/ancient,0.013574660633484163	politics/art,0.012443438914027148	empire/religion,0.007541478129713424	royalty,0.0022624434389140274
Ayumi_Hamasaki	music/rock,0.6021080368906456	generic,0.2075098814229249	film,0.07180500658761528	family,0.044466403162055336	politics/art,0.03590250329380764	music/orchestra,0.009881422924901186	literature,0.00922266139657444	war/ancient,0.007575757575757576	royalty,0.006587615283267457	empire/religion,0.004940711462450593
Áedán_mac_Gabráin	empire/religion,0.4556213017751479	generic,0.11834319526627218	royalty,0.09467455621301775	literature,0.05917159763313609	family,0.047337278106508875	politics/art,0.047337278106508875	music/orchestra,0.047337278106508875	war/ancient,0.047337278106508875	film,0.04142011834319527	music/rock,0.04142011834319527
Ban_Ki-moon	politics/art,0.3050139275766017	generic,0.21587743732590528	war/ancient,0.15459610027855153	family,0.11281337047353761	film,0.055710306406685235	royalty,0.04456824512534819	music/rock,0.034818941504178275	music/orchestra,0.02924791086350975	literature,0.025069637883008356	empire/religion,0.022284122562674095
Basilisco_(emperador)	empire/religion,0.5147492625368731	generic,0.24336283185840707	war/ancient,0.11946902654867257	family,0.05235988200589971	royalty,0.029498525073746312	literature,0.01032448377581121	politics/art,0.008849557522123894	film,0.008849557522123894	music/rock,0.007374631268436578	music/orchestra,0.005162241887905605
Beatriz_del_Reino_Unido	royalty,0.6401384083044983	generic,0.08823529411764706	family,0.0726643598615917	politics/art,0.03633217993079585	war/ancient,0.03633217993079585	empire/religion,0.03460207612456748	music/rock,0.031141868512110725	literature,0.025951557093425604	music/orchestra,0.02249134948096886	film,0.012110726643598616
Bedřich_Smetana	music/orchestra,0.5036278275714895	generic,0.26099018352539477	family,0.13252240717029448	war/ancient,0.025394793000426803	royalty,0.02496798975672215	literature,0.023687580025608196	politics/art,0.008749466495945369	empire/religion,0.008322663252240717	film,0.006402048655569782	music/rock,0.005335040546308152
Benjamin_Harrison	generic,0.2138728323699422	politics/art,0.1676300578034682	film,0.1329479768786127	war/ancient,0.12716763005780346	empire/religion,0.09826589595375723	music/rock,0.07514450867052024	royalty,0.05202312138728324	family,0.046242774566473986	literature,0.046242774566473986	music/orchestra,0.04046242774566474
Benjamin_Morrell	war/ancient,0.3805704099821747	generic,0.25089126559714797	family,0.20499108734402852	literature,0.06506238859180036	politics/art,0.028966131907308377	film,0.020053475935828877	empire/religion,0.016488413547237075	royalty,0.015151515151515152	music/rock,0.010249554367201427	music/orchestra,0.007575757575757576
Benjamin_Mountfort	politics/art,0.349146110056926	generic,0.25901328273244784	family,0.13377609108159394	literature,0.09582542694497154	empire/religion,0.05218216318785579	royalty,0.04554079696394687	war/ancient,0.025616698292220113	music/orchestra,0.018026565464895637	music/rock,0.014231499051233396	film,0.006641366223908918
Bernard_Fanning	music/rock,0.5076923076923077	generic,0.1902834008097166	family,0.11821862348178137	film,0.06315789473684211	literature,0.03562753036437247	politics/art,0.029149797570850202	war/ancient,0.01862348178137652	music/orchestra,0.015384615384615385	royalty,0.014574898785425101	empire/religion,0.0072874493927125505
Bert_Trautmann	film,0.34558823529411764	war/ancient,0.11764705882352941	politics/art,0.09558823529411764	generic,0.08823529411764706	royalty,0.08823529411764706	music/rock,0.0661764705882353	music/orchestra,0.058823529411764705	literature,0.058823529411764705	family,0.04411764705882353	empire/religion,0.03676470588235294
Bette_Davis	film,0.4608955223880597	generic,0.21074626865671642	family,0.15582089552238806	music/rock,0.04358208955223881	literature,0.04298507462686567	politics/art,0.028059701492537312	royalty,0.020298507462686566	music/orchestra,0.017313432835820895	war/ancient,0.01373134328358209	empire/religion,0.006567164179104477
Big_Star	music/rock,0.7409523809523809	generic,0.05714285714285714	literature,0.047619047619047616	politics/art,0.04666666666666667	film,0.0419047619047619	music/orchestra,0.023809523809523808	family,0.018095238095238095	royalty,0.009523809523809525	empire/religion,0.008571428571428572	war/ancient,0.005714285714285714
Bill_Russell	film,0.6981627296587927	generic,0.1732283464566929	family,0.03884514435695538	politics/art,0.024671916010498687	war/ancient,0.013648293963254593	literature,0.013648293963254593	empire/religion,0.011548556430446194	music/rock,0.010498687664041995	royalty,0.009973753280839895	music/orchestra,0.005774278215223097
Bix_Beiderbecke	generic,0.1917808219178082	music/orchestra,0.18835616438356165	music/rock,0.18835616438356165	family,0.11986301369863013	politics/art,0.08904109589041095	literature,0.06506849315068493	war/ancient,0.04794520547945205	royalty,0.04794520547945205	film,0.0410958904109589	empire/religion,0.02054794520547945
Black_Francis	music/rock,0.7005169867060561	generic,0.11779911373707533	family,0.05502215657311669	literature,0.03360413589364845	film,0.029172821270310192	politics/art,0.024002954209748892	music/orchestra,0.021048744460856722	royalty,0.00812407680945347	war/ancient,0.007016248153618907	empire/religion,0.003692762186115214
Bob_Dylan	music/rock,0.530183285690264	generic,0.16764755338826298	film,0.08256263662350766	literature,0.07566840423743064	family,0.06608373970068943	music/orchestra,0.03127627375147133	politics/art,0.019001177064065917	war/ancient,0.010257272574407264	empire/religion,0.009080208508491677	royalty,0.008239448461409114
Bob_Meusel	film,0.7128060263653484	generic,0.10546139359698682	family,0.0480225988700565	war/ancient,0.032015065913371	politics/art,0.027306967984934087	music/rock,0.025423728813559324	literature,0.015065913370998116	music/orchestra,0.014124293785310734	empire/religion,0.010357815442561206	royalty,0.009416195856873822
Bob_Windle	film,0.7119529719137818	generic,0.15153494448073154	family,0.048334421946440234	war/ancient,0.035924232527759635	politics/art,0.016982364467668192	music/orchestra,0.009144350097975179	royalty,0.008491182233834096	music/rock,0.007838014369693011	empire/religion,0.006531678641410843	literature,0.0032658393207054214
Bobby_Robson	film,0.3737864077669903	royalty,0.1796116504854369	politics/art,0.07281553398058252	family,0.06796116504854369	music/orchestra,0.06310679611650485	empire/religion,0.06310679611650485	literature,0.05339805825242718	generic,0.04854368932038835	war/ancient,0.043689320388349516	music/rock,0.03398058252427184
Bradley_Joseph	music/rock,0.3228346456692913	music/orchestra,0.11811023622047244	politics/art,0.11023622047244094	literature,0.08661417322834646	family,0.07086614173228346	film,0.07086614173228346	war/ancient,0.07086614173228346	generic,0.05511811023622047	royalty,0.05511811023622047	empire/religion,0.03937007874015748
Brian_Horrocks	film,0.1810344827586207	war/ancient,0.15517241379310345	politics/art,0.12931034482758622	royalty,0.09482758620689655	music/rock,0.08620689655172414	literature,0.08620689655172414	empire/religion,0.07758620689655173	generic,0.06896551724137931	family,0.0603448275862069	music/orchestra,0.0603448275862069
Bruno_Maddox	literature,0.6344005956813105	music/rock,0.12434847356664185	generic,0.0766939687267312	film,0.044676098287416234	family,0.04244229337304542	war/ancient,0.023827252419955324	music/orchestra,0.017870439314966492	politics/art,0.016381236038719285	royalty,0.011913626209977662	empire/religion,0.007446016381236039
Caedmon	empire/religion,0.3668639053254438	family,0.15976331360946747	literature,0.1502958579881657	generic,0.14911242603550295	music/orchestra,0.07337278106508875	politics/art,0.029585798816568046	music/rock,0.023668639053254437	royalty,0.01893491124260355	film,0.01775147928994083	war/ancient,0.010650887573964497
Calvin_Coolidge	generic,0.34774436090225563	politics/art,0.25	war/ancient,0.12781954887218044	family,0.09022556390977443	royalty,0.06390977443609022	film,0.03571428571428571	empire/religion,0.02631578947368421	literature,0.02443609022556391	music/orchestra,0.016917293233082706	music/rock,0.016917293233082706
Carlos_II_de_Inglaterra	royalty,0.5680139069969579	generic,0.2242503259452412	empire/religion,0.0686657974793568	family,0.055193394176445025	war/ancient,0.03824424163407214	politics/art,0.01564537157757497	film,0.014341590612777053	literature,0.006953498478922208	music/rock,0.0047805302042590175	music/orchestra,0.003911342894393742
Carlota_Augusta_de_Gales	royalty,0.41954377311960545	generic,0.2879161528976572	family,0.21794081381011096	literature,0.015104808877928484	war/ancient,0.014488286066584463	music/orchestra,0.011097410604192354	film,0.010172626387176326	politics/art,0.009247842170160296	empire/religion,0.0077065351418002465	music/rock,0.006781750924784217
Carolina_de_Brandeburgo-Ansbach	royalty,0.6197718631178707	generic,0.1596958174904943	family,0.09505703422053231	literature,0.028517110266159697	war/ancient,0.022813688212927757	film,0.015209125475285171	music/orchestra,0.015209125475285171	music/rock,0.015209125475285171	empire/religion,0.015209125475285171	politics/art,0.013307984790874524
Carsten_Borchgrevink	war/ancient,0.5049042503503036	generic,0.2662307333021952	family,0.0948155067725362	literature,0.04343764595983186	royalty,0.03035964502568893	film,0.020551144325081736	politics/art,0.017281644091546006	music/orchestra,0.010742643624474545	empire/religion,0.006071929005137786	music/rock,0.005604857543204111
Caspar_David_Friedrich	music/orchestra,0.26826666666666665	generic,0.1952	politics/art,0.16746666666666668	family,0.14346666666666666	literature,0.07413333333333333	royalty,0.056	war/ancient,0.048	empire/religion,0.030933333333333334	music/rock,0.009066666666666667	film,0.007466666666666667
Catalina_de_Médici	royalty,0.39259075087021383	generic,0.24216807558428644	family,0.16931874689209347	empire/religion,0.07210343112879164	politics/art,0.05146693187468921	war/ancient,0.0313276976628543	music/orchestra,0.013177523620089508	film,0.01093983092988563	music/rock,0.008453505718547987	literature,0.008453505718547987
Ceawlin_de_Wessex	empire/religion,0.4690265486725664	family,0.08849557522123894	generic,0.08849557522123894	literature,0.061946902654867256	politics/art,0.05309734513274336	music/rock,0.05309734513274336	war/ancient,0.05309734513274336	film,0.04424778761061947	music/orchestra,0.04424778761061947	royalty,0.04424778761061947
Charles_Edward_Magoon	politics/art,0.22285714285714286	generic,0.17714285714285713	family,0.1657142857142857	war/ancient,0.12	film,0.07428571428571429	literature,0.06285714285714286	empire/religion,0.05714285714285714	music/rock,0.045714285714285714	royalty,0.045714285714285714	music/orchestra,0.02857142857142857
Charles_Villiers_Stanford	music/orchestra,0.4915254237288136	literature,0.18401937046004843	royalty,0.07990314769975787	music/rock,0.05084745762711865	family,0.043583535108958835	generic,0.0387409200968523	empire/religion,0.03389830508474576	politics/art,0.029055690072639227	film,0.026634382566585957	war/ancient,0.021791767554479417
Chester_A._Arthur	politics/art,0.3022162525184688	generic,0.26729348556077903	family,0.1914036265950302	royalty,0.07991940899932841	war/ancient,0.06380120886501008	film,0.03895231699126931	music/rock,0.020819341840161182	literature,0.016118200134318333	empire/religion,0.013431833445265278	music/orchestra,0.006044325050369375
Chinua_Achebe	literature,0.2837209302325581	family,0.13488372093023257	royalty,0.09302325581395349	empire/religion,0.08837209302325581	politics/art,0.07441860465116279	music/orchestra,0.07441860465116279	music/rock,0.07441860465116279	war/ancient,0.06976744186046512	generic,0.05581395348837209	film,0.05116279069767442
Choe_Bu	empire/religion,0.16556291390728478	generic,0.152317880794702	family,0.13245033112582782	politics/art,0.13245033112582782	war/ancient,0.10596026490066225	literature,0.09271523178807947	royalty,0.07947019867549669	music/orchestra,0.052980132450331126	film,0.046357615894039736	music/rock,0.039735099337748346
Chrisye	music/rock,0.28191489361702127	music/orchestra,0.18617021276595744	war/ancient,0.09574468085106383	royalty,0.0851063829787234	family,0.06382978723404255	literature,0.06382978723404255	generic,0.05851063829787234	politics/art,0.05851063829787234	film,0.05851063829787234	empire/religion,0.047872340425531915
Cillian_Murphy	film,0.4339139344262295	music/rock,0.16956967213114754	family,0.11987704918032786	generic,0.11577868852459017	literature,0.07377049180327869	music/orchestra,0.033299180327868855	politics/art,0.025102459016393443	empire/religion,0.012295081967213115	royalty,0.012295081967213115	war/ancient,0.004098360655737705
Clemente_de_Dunblane	empire/religion,0.47724550898203594	generic,0.3143712574850299	royalty,0.0748502994011976	family,0.04251497005988024	politics/art,0.02694610778443114	war/ancient,0.02694610778443114	literature,0.015568862275449102	music/orchestra,0.007784431137724551	film,0.00718562874251497	music/rock,0.006586826347305389
Clements_R._Markham	war/ancient,0.35770609318996416	generic,0.2057347670250896	literature,0.13691756272401434	royalty,0.0960573476702509	politics/art,0.08745519713261649	family,0.053763440860215055	empire/religion,0.02795698924731183	music/orchestra,0.012903225806451613	film,0.011469534050179211	music/rock,0.01003584229390681
CM_Punk	politics/art,0.6971383147853736	music/rock,0.08956014838367779	film,0.08479067302596714	generic,0.0834658187599364	family,0.016693163751987282	empire/religion,0.009273979862215157	royalty,0.007419183889772125	war/ancient,0.006094329623741388	literature,0.00397456279809221	music/orchestra,0.001589825119236884
Coenredo_de_Mercia	empire/religion,0.6634844868735084	generic,0.16945107398568018	family,0.05489260143198091	royalty,0.03341288782816229	war/ancient,0.02028639618138425	literature,0.015513126491646777	music/rock,0.013126491646778043	music/orchestra,0.011933174224343675	politics/art,0.010739856801909307	film,0.007159904534606206
Colley_Cibber	literature,0.34285714285714286	film,0.1657142857142857	generic,0.14857142857142858	family,0.10285714285714286	music/orchestra,0.05142857142857143	music/rock,0.045714285714285714	empire/religion,0.04	politics/art,0.03428571428571429	war/ancient,0.03428571428571429	royalty,0.03428571428571429
Constantino_II_de_Escocia	empire/religion,0.5493827160493827	generic,0.1728395061728395	royalty,0.07818930041152264	literature,0.043209876543209874	family,0.03497942386831276	war/ancient,0.03292181069958848	politics/art,0.02880658436213992	music/orchestra,0.026748971193415638	film,0.01646090534979424	music/rock,0.01646090534979424
Cosmo_Gordon_Lang	generic,0.30264900662251654	royalty,0.2141280353200883	politics/art,0.12737306843267107	family,0.09668874172185431	literature,0.08874172185430464	empire/religion,0.08675496688741721	war/ancient,0.039293598233995586	film,0.017439293598233995	music/orchestra,0.016335540838852098	music/rock,0.010596026490066225
Cædwalla_de_Wessex	empire/religion,0.6753705010585744	generic,0.19689484827099507	family,0.04728299223712068	royalty,0.019054340155257588	literature,0.016937191249117856	politics/art,0.013408609738884969	film,0.011997177134791814	music/orchestra,0.0077628793225123505	music/rock,0.006351446718419196	war/ancient,0.004940014114326041
Damageplan	music/rock,0.5146198830409356	generic,0.15204678362573099	family,0.11988304093567251	politics/art,0.049707602339181284	film,0.043859649122807015	royalty,0.03508771929824561	literature,0.03216374269005848	music/orchestra,0.017543859649122806	war/ancient,0.017543859649122806	empire/religion,0.017543859649122806
Damon_Hill	film,0.6137387387387387	generic,0.22184684684684686	family,0.04335585585585586	royalty,0.038288288288288286	politics/art,0.024774774774774775	music/rock,0.019707207207207207	war/ancient,0.015765765765765764	literature,0.008445945945945946	music/orchestra,0.007882882882882882	empire/religion,0.006193693693693694
Dan_Leno	literature,0.28168089297439264	generic,0.1825344714379514	family,0.17760998030203545	film,0.14084044648719632	music/rock,0.09553512803676953	royalty,0.04990151017728168	music/orchestra,0.04300722258699934	politics/art,0.013788575180564675	war/ancient,0.007879185817465528	empire/religion,0.007222586999343401
Daniel_Boone	family,0.24437299035369775	literature,0.22508038585209003	generic,0.15755627009646303	royalty,0.10932475884244373	war/ancient,0.09646302250803858	empire/religion,0.04501607717041801	film,0.04180064308681672	music/rock,0.03536977491961415	politics/art,0.022508038585209004	music/orchestra,0.022508038585209004
David_I_de_Escocia	empire/religion,0.44639580602883355	generic,0.24482306684141547	royalty,0.1913499344692005	family,0.04062909567496723	literature,0.023328964613368284	music/orchestra,0.017562254259501964	war/ancient,0.01651376146788991	film,0.006815203145478375	politics/art,0.00655307994757536	music/rock,0.0060288335517693315
David_Lovering	music/rock,0.6174568965517241	generic,0.16056034482758622	film,0.05387931034482758	family,0.04633620689655173	politics/art,0.03017241379310345	literature,0.03017241379310345	music/orchestra,0.023706896551724137	royalty,0.020474137931034482	war/ancient,0.009698275862068966	empire/religion,0.007543103448275862
Demóstenes	war/ancient,0.4209505334626576	generic,0.29413191076624634	family,0.1338506304558681	empire/religion,0.07153249272550921	literature,0.030552861299709022	politics/art,0.015276430649854511	music/orchestra,0.012851600387972843	film,0.00848690591658584	royalty,0.008244422890397672	music/rock,0.004122211445198836
Diane_Keaton	film,0.4525660964230171	family,0.17884914463452567	generic,0.15552099533437014	literature,0.07737169517884915	music/rock,0.07542768273716952	politics/art,0.019440124416796267	music/orchestra,0.017107309486780714	royalty,0.01166407465007776	empire/religion,0.007387247278382581	war/ancient,0.004665629860031105
Dick_Turpin	family,0.21465968586387435	literature,0.17277486910994763	royalty,0.10471204188481675	film,0.09947643979057591	war/ancient,0.08376963350785341	generic,0.07853403141361257	politics/art,0.07853403141361257	music/orchestra,0.06282722513089005	empire/religion,0.05759162303664921	music/rock,0.04712041884816754
Diocleciano	empire/religion,0.49868766404199477	generic,0.343503937007874	war/ancient,0.0636482939632546	family,0.04872047244094488	royalty,0.014927821522309712	politics/art,0.010662729658792652	literature,0.006069553805774278	film,0.005085301837270341	music/rock,0.004593175853018373	music/orchestra,0.004101049868766404
Dmitri_Shostakóvich	music/orchestra,0.4528169014084507	generic,0.2102112676056338	family,0.1334507042253521	literature,0.0721830985915493	war/ancient,0.054929577464788736	empire/religion,0.020774647887323944	politics/art,0.019014084507042252	film,0.01584507042253521	music/rock,0.015140845070422536	royalty,0.005633802816901409
Domenico_Selvo	empire/religion,0.29380053908355797	generic,0.215633423180593	politics/art,0.16442048517520216	war/ancient,0.08355795148247978	royalty,0.07277628032345014	music/orchestra,0.07008086253369272	family,0.03504043126684636	music/rock,0.02425876010781671	film,0.0215633423180593	literature,0.018867924528301886
Domiciano	empire/religion,0.45454545454545453	generic,0.2695286195286195	family,0.11969696969696969	war/ancient,0.05404040404040404	literature,0.026936026936026935	royalty,0.02558922558922559	music/orchestra,0.022053872053872055	film,0.012457912457912458	politics/art,0.010942760942760943	music/rock,0.004208754208754209
Dominik_Hašek	film,0.6658031088082902	generic,0.17487046632124353	politics/art,0.04145077720207254	family,0.023316062176165803	war/ancient,0.019430051813471502	music/orchestra,0.018134715025906734	music/rock,0.01683937823834197	royalty,0.015544041450777202	empire/religion,0.012953367875647668	literature,0.011658031088082901
Du_Fu	politics/art,0.1927710843373494	generic,0.18072289156626506	family,0.13855421686746988	empire/religion,0.12048192771084337	literature,0.1144578313253012	film,0.060240963855421686	music/orchestra,0.060240963855421686	royalty,0.060240963855421686	war/ancient,0.04216867469879518	music/rock,0.030120481927710843
Duncan_Edwards	film,0.36486486486486486	generic,0.22822822822822822	family,0.15615615615615616	war/ancient,0.06306306306306306	royalty,0.052552552552552555	politics/art,0.042042042042042045	literature,0.03003003003003003	empire/religion,0.02252252252252252	music/orchestra,0.021021021021021023	music/rock,0.01951951951951952
Eadbaldo_de_Kent	empire/religion,0.6475	generic,0.1375	royalty,0.0475	family,0.03	film,0.03	politics/art,0.0275	music/orchestra,0.025	music/rock,0.02	war/ancient,0.0175	literature,0.0175
Ed_Stelmach	royalty,0.2127659574468085	politics/art,0.11702127659574468	family,0.09574468085106383	war/ancient,0.09574468085106383	literature,0.09574468085106383	film,0.0851063829787234	music/orchestra,0.0851063829787234	generic,0.07446808510638298	empire/religion,0.07446808510638298	music/rock,0.06382978723404255
Eduard_Streltsov	film,0.46737967914438505	war/ancient,0.16363636363636364	generic,0.16042780748663102	family,0.06417112299465241	music/orchestra,0.038502673796791446	royalty,0.033155080213903745	politics/art,0.028877005347593583	empire/religion,0.017112299465240642	music/rock,0.016042780748663103	literature,0.0106951871657754
Eduardo_III_de_Inglaterra	royalty,0.4754248966467616	generic,0.24207625172255398	empire/religion,0.133210840606339	family,0.04823151125401929	war/ancient,0.04363803399173174	politics/art,0.023426734037666513	film,0.009186954524575103	music/rock,0.009186954524575103	literature,0.009186954524575103	music/orchestra,0.006430868167202572
Eduardo_VI_de_Inglaterra	royalty,0.5780780780780781	generic,0.1981981981981982	family,0.07507507507507508	empire/religion,0.04354354354354354	politics/art,0.028528528528528527	literature,0.024024024024024024	film,0.021021021021021023	war/ancient,0.015015015015015015	music/orchestra,0.009009009009009009	music/rock,0.0075075075075075074
Eduardo_VIII_del_Reino_Unido	royalty,0.5005963029218843	generic,0.24329159212880144	family,0.11329755515802027	war/ancient,0.06320810971973763	literature,0.02623732856290996	empire/religion,0.018485390578413835	politics/art,0.010435301132975552	music/rock,0.009838998211091235	film,0.009540846750149075	music/orchestra,0.005068574836016696
Edward_Drinker_Cope	family,0.2529411764705882	politics/art,0.17647058823529413	generic,0.14705882352941177	literature,0.12352941176470589	war/ancient,0.08235294117647059	film,0.052941176470588235	royalty,0.052941176470588235	empire/religion,0.047058823529411764	music/orchestra,0.03529411764705882	music/rock,0.029411764705882353
Edward_Elgar	music/orchestra,0.47927989130434784	generic,0.20822010869565216	family,0.11565896739130435	literature,0.078125	royalty,0.036005434782608696	music/rock,0.03379755434782609	film,0.018851902173913044	politics/art,0.012737771739130434	war/ancient,0.008661684782608696	empire/religion,0.008661684782608696
Edward_Low	literature,0.16666666666666666	family,0.13333333333333333	war/ancient,0.125	generic,0.09166666666666666	music/rock,0.09166666666666666	empire/religion,0.09166666666666666	politics/art,0.08333333333333333	film,0.075	music/orchestra,0.075	royalty,0.06666666666666667
Edwin_Taylor_Pollock	war/ancient,0.21794871794871795	generic,0.10256410256410256	music/rock,0.10256410256410256	empire/religion,0.10256410256410256	literature,0.08974358974358974	royalty,0.08974358974358974	politics/art,0.07692307692307693	film,0.07692307692307693	music/orchestra,0.07692307692307693	family,0.0641025641025641
Egberto	empire/religion,0.6372795969773299	family,0.09319899244332494	royalty,0.07808564231738035	generic,0.05793450881612091	war/ancient,0.030226700251889168	politics/art,0.027707808564231738	music/rock,0.02518891687657431	film,0.020151133501259445	literature,0.017632241813602016	music/orchestra,0.012594458438287154
El_Greco	politics/art,0.4153169366126775	generic,0.23095380923815237	family,0.16316736652669467	music/orchestra,0.0643871225754849	empire/religion,0.052789442111577684	literature,0.03739252149570086	royalty,0.022795440911817635	film,0.007398520295940812	music/rock,0.0033993201359728054	war/ancient,0.0023995200959808036
El_Lissitzky	politics/art,0.32982261640798227	generic,0.2738359201773836	music/orchestra,0.12804878048780488	family,0.08924611973392461	literature,0.07317073170731707	war/ancient,0.06374722838137473	film,0.01607538802660754	music/rock,0.012195121951219513	empire/religion,0.007206208425720621	royalty,0.0066518847006651885
El_Turco	generic,0.2751540041067762	music/orchestra,0.25667351129363447	family,0.16837782340862423	film,0.07186858316221766	politics/art,0.055441478439425054	literature,0.043121149897330596	royalty,0.039014373716632446	war/ancient,0.03490759753593429	empire/religion,0.030800821355236138	music/rock,0.024640657084188913
Elaine_Paige	film,0.35864978902953587	music/rock,0.22784810126582278	literature,0.14135021097046413	generic,0.06751054852320675	music/orchestra,0.06329113924050633	family,0.046413502109704644	royalty,0.03375527426160337	empire/religion,0.02531645569620253	war/ancient,0.02109704641350211	politics/art,0.014767932489451477
