#article_name 	topic_name1,topic_prop1	topic_name2,topic_prop2...
Aaron_Sorkin	film/tv,0.4880952380952381	sports,0.12797619047619047	music,0.12797619047619047	politics,0.0625	family life,0.047619047619047616	orchestra,0.041666666666666664	literature + other,0.03869047619047619	military,0.02976190476190476	church/royalty,0.020833333333333332	royalty,0.01488095238095238
Abbas_Kiarostami	literature + other,0.31614110101549975	film/tv,0.23650454302512025	family life,0.23490112239444147	military,0.08738642437199359	orchestra,0.04409406734366649	music,0.03500801710315339	sports,0.02057723142704436	politics,0.012560128273650455	church/royalty,0.006680919294494923	royalty,0.006146445750935329
AC_DC	music,0.7231012658227848	family life,0.1284282700421941	military,0.05327004219409283	film/tv,0.03243670886075949	sports,0.02109704641350211	orchestra,0.011075949367088608	royalty,0.009757383966244726	church/royalty,0.00870253164556962	literature + other,0.007911392405063292	politics,0.004219409282700422
Adam_Gilchrist	sports,0.7639344262295082	family life,0.036065573770491806	music,0.03278688524590164	politics,0.029508196721311476	film/tv,0.02622950819672131	church/royalty,0.02622950819672131	military,0.022950819672131147	orchestra,0.022950819672131147	literature + other,0.019672131147540985	royalty,0.019672131147540985
Adolfo_Farsari	family life,0.5716312056737589	politics,0.11418439716312057	literature + other,0.08865248226950355	military,0.07163120567375887	orchestra,0.05319148936170213	music,0.04822695035460993	film/tv,0.01773049645390071	sports,0.014184397163120567	royalty,0.010638297872340425	church/royalty,0.009929078014184398
Adrian_Boult	orchestra,0.3283582089552239	family life,0.14925373134328357	literature + other,0.08208955223880597	military,0.08208955223880597	royalty,0.07462686567164178	film/tv,0.06716417910447761	sports,0.05970149253731343	politics,0.05970149253731343	music,0.05223880597014925	church/royalty,0.04477611940298507
Ahmôsis_Ier	church/royalty,0.49725274725274726	family life,0.2217425431711146	military,0.1369701726844584	literature + other,0.06397174254317112	royalty,0.02708006279434851	orchestra,0.016483516483516484	sports,0.01098901098901099	politics,0.01098901098901099	film/tv,0.010596546310832025	music,0.003924646781789639
Alain_Prost	sports,0.6501956947162426	military,0.11986301369863013	family life,0.10273972602739725	royalty,0.049902152641878667	orchestra,0.023972602739726026	politics,0.014187866927592954	music,0.01223091976516634	literature + other,0.011252446183953033	film/tv,0.008806262230919765	church/royalty,0.00684931506849315
Albert_Chandler	politics,0.34539473684210525	sports,0.18552631578947368	military,0.15526315789473685	family life,0.1256578947368421	film/tv,0.09671052631578947	music,0.039473684210526314	literature + other,0.017763157894736842	royalty,0.017763157894736842	church/royalty,0.010526315789473684	orchestra,0.0059210526315789476
Albert_de_Saxe-Cobourg-Gotha	royalty,0.4963768115942029	military,0.12681159420289856	family life,0.125	politics,0.07608695652173914	literature + other,0.03985507246376811	orchestra,0.03985507246376811	sports,0.03260869565217391	church/royalty,0.02355072463768116	film/tv,0.021739130434782608	music,0.018115942028985508
Albert_Kesselring	military,0.6812816188870152	politics,0.18980700768221848	family life,0.04272062956717257	church/royalty,0.019486602960464682	royalty,0.01929923177815252	literature + other,0.01854974704890388	orchestra,0.012366498032602586	sports,0.006370620198613453	film/tv,0.005433764287052651	music,0.00468427955780401
Albert_Speer_(père)	military,0.5234294541709578	politics,0.21009268795056643	family life,0.1199794026776519	literature + other,0.07312049433573635	sports,0.015447991761071062	orchestra,0.015447991761071062	church/royalty,0.01416065911431514	royalty,0.012358393408856848	film/tv,0.009268795056642637	music,0.006694129763130793
Albert_Victor_de_Galles	royalty,0.5410447761194029	military,0.10914179104477612	family life,0.1044776119402985	politics,0.09701492537313433	film/tv,0.0457089552238806	literature + other,0.030783582089552237	church/royalty,0.026119402985074626	sports,0.017723880597014924	music,0.01585820895522388	orchestra,0.012126865671641791
Alboïn	church/royalty,0.4627831715210356	military,0.11974110032362459	royalty,0.08090614886731391	orchestra,0.06796116504854369	literature + other,0.061488673139158574	family life,0.05501618122977346	politics,0.05177993527508091	sports,0.04854368932038835	film/tv,0.032362459546925564	music,0.019417475728155338
Alcibiade	literature + other,0.33695652173913043	church/royalty,0.09782608695652174	orchestra,0.09239130434782608	politics,0.08152173913043478	royalty,0.08152173913043478	military,0.07608695652173914	film/tv,0.07065217391304347	family life,0.05434782608695652	sports,0.05434782608695652	music,0.05434782608695652
Aldfrith_de_Northumbrie	church/royalty,0.6316747572815534	family life,0.11286407766990292	military,0.07524271844660194	politics,0.05946601941747573	literature + other,0.04733009708737864	royalty,0.03216019417475728	film/tv,0.01699029126213592	orchestra,0.012135922330097087	sports,0.007888349514563107	music,0.00424757281553398
Aldred	church/royalty,0.4368932038834951	royalty,0.10679611650485436	orchestra,0.07766990291262135	literature + other,0.05825242718446602	politics,0.05825242718446602	military,0.05825242718446602	film/tv,0.05825242718446602	family life,0.04854368932038835	sports,0.04854368932038835	music,0.04854368932038835
Alexander_Cameron_Rutherford	sports,0.125	politics,0.125	military,0.109375	orchestra,0.109375	music,0.109375	film/tv,0.09375	royalty,0.09375	family life,0.078125	literature + other,0.078125	church/royalty,0.078125
Alexandra_de_Danemark	royalty,0.6503957783641161	family life,0.13060686015831136	military,0.0712401055408971	film/tv,0.036939313984168866	church/royalty,0.026385224274406333	politics,0.021108179419525065	orchestra,0.021108179419525065	sports,0.017150395778364115	music,0.0158311345646438	literature + other,0.009234828496042216
Alexandre_Banza	military,0.5353951890034364	politics,0.21374570446735394	family life,0.10927835051546392	royalty,0.04536082474226804	literature + other,0.026804123711340205	music,0.017869415807560136	church/royalty,0.015120274914089347	sports,0.013058419243986255	film/tv,0.012371134020618556	orchestra,0.010996563573883162
Alexandre_de_Lincoln	church/royalty,0.6280864197530864	military,0.1404320987654321	family life,0.08641975308641975	royalty,0.06944444444444445	literature + other,0.02700617283950617	music,0.011574074074074073	film/tv,0.010802469135802469	orchestra,0.010802469135802469	sports,0.009259259259259259	politics,0.006172839506172839
Alexis_Bachelot	politics,0.36657169990503324	military,0.16809116809116809	royalty,0.11870845204178537	literature + other,0.1120607787274454	family life,0.10256410256410256	church/royalty,0.07502374169040836	orchestra,0.016144349477682812	music,0.014245014245014245	sports,0.013295346628679962	film/tv,0.013295346628679962
Alfred_Russel_Wallace	literature + other,0.41495950452596475	family life,0.2567889471176751	politics,0.11719866603144355	military,0.09742734635540734	film/tv,0.05574082896617437	royalty,0.019056693663649357	church/royalty,0.01572177227251072	sports,0.011195807527393997	orchestra,0.006193425440686041	music,0.005717008099094807
Alice_Ayres	family life,0.31534883720930235	military,0.26232558139534884	film/tv,0.1572093023255814	royalty,0.09488372093023256	literature + other,0.061395348837209304	orchestra,0.03348837209302326	politics,0.022325581395348838	church/royalty,0.01953488372093023	music,0.018604651162790697	sports,0.014883720930232559
Alice_de_Battenberg	royalty,0.5214198286413708	family life,0.2076703386372909	military,0.17543859649122806	literature + other,0.028967768257853937	church/royalty,0.01835985312117503	politics,0.016727866177070585	orchestra,0.014687882496940025	film/tv,0.007751937984496124	sports,0.005303957568339453	music,0.0036719706242350062
Alice_in_Chains	music,0.6852207293666027	family life,0.13915547024952016	military,0.05662188099808062	film/tv,0.036468330134357005	orchestra,0.02495201535508637	sports,0.018234165067178502	royalty,0.012476007677543186	politics,0.009596928982725527	church/royalty,0.009596928982725527	literature + other,0.007677543186180422
Alphège_de_Cantorbéry	church/royalty,0.6010928961748634	military,0.13296903460837886	family life,0.07468123861566485	orchestra,0.04007285974499089	literature + other,0.03642987249544627	royalty,0.029143897996357013	film/tv,0.023679417122040074	sports,0.02185792349726776	politics,0.02185792349726776	music,0.018214936247723135
Ambrose_Rookwood	royalty,0.2	church/royalty,0.12857142857142856	military,0.11428571428571428	family life,0.08571428571428572	literature + other,0.08571428571428572	film/tv,0.08571428571428572	music,0.08571428571428572	sports,0.07142857142857142	politics,0.07142857142857142	orchestra,0.07142857142857142
Anastasia_Nikolaïevna_de_Russie	royalty,0.4200626959247649	family life,0.18599791013584116	military,0.13270637408568442	orchestra,0.07836990595611286	politics,0.05329153605015674	literature + other,0.03657262277951933	church/royalty,0.029258098223615466	film/tv,0.025078369905956112	sports,0.02089864158829676	music,0.017763845350052248
Andrew_Cunningham	military,0.3620689655172414	family life,0.1896551724137931	politics,0.08620689655172414	church/royalty,0.07471264367816093	orchestra,0.06321839080459771	literature + other,0.05747126436781609	film/tv,0.05747126436781609	royalty,0.040229885057471264	music,0.040229885057471264	sports,0.028735632183908046
André_Kertész	family life,0.21621621621621623	orchestra,0.2132132132132132	literature + other,0.14714714714714713	military,0.12012012012012012	film/tv,0.10810810810810811	politics,0.05105105105105105	sports,0.03903903903903904	music,0.03903903903903904	church/royalty,0.036036036036036036	royalty,0.03003003003003003
Angus_Lewis_Macdonald	military,0.14285714285714285	politics,0.12857142857142856	family life,0.11428571428571428	royalty,0.11428571428571428	church/royalty,0.1	sports,0.08571428571428572	literature + other,0.08571428571428572	orchestra,0.08571428571428572	film/tv,0.07142857142857142	music,0.07142857142857142
Ann_Bannon	film/tv,0.1917808219178082	music,0.1232876712328767	literature + other,0.1095890410958904	military,0.0958904109589041	family life,0.0821917808219178	sports,0.0821917808219178	politics,0.0821917808219178	church/royalty,0.0821917808219178	royalty,0.0821917808219178	orchestra,0.0684931506849315
Anna_d'Est-Anglie	church/royalty,0.6973180076628352	family life,0.08939974457215837	military,0.06641123882503193	royalty,0.04853128991060025	literature + other,0.035759897828863345	sports,0.016602809706257982	film/tv,0.016602809706257982	music,0.011494252873563218	politics,0.010217113665389528	orchestra,0.007662835249042145
Anna_Laetitia_Barbauld	literature + other,0.3880190605854323	film/tv,0.2610619469026549	family life,0.11572498298162015	politics,0.07692307692307693	military,0.06841388699795779	royalty,0.03573859768550034	orchestra,0.01906058543226685	music,0.015656909462219197	sports,0.011912865895166781	church/royalty,0.007488087134104833
Anna_May_Wong	film/tv,0.5601173020527859	politics,0.093841642228739	music,0.08211143695014662	literature + other,0.060117302052785926	military,0.05865102639296188	family life,0.04985337243401759	orchestra,0.04398826979472141	church/royalty,0.02346041055718475	royalty,0.016129032258064516	sports,0.011730205278592375
Anne_de_Danemark	royalty,0.4722222222222222	family life,0.15	military,0.08333333333333333	church/royalty,0.06111111111111111	literature + other,0.044444444444444446	film/tv,0.044444444444444446	orchestra,0.03888888888888889	music,0.03888888888888889	sports,0.03333333333333333	politics,0.03333333333333333
Anton_Tchekhov	orchestra,0.35457795740711956	family life,0.310896937665164	literature + other,0.14643245764029225	military,0.1044613710554951	film/tv,0.03031245142235349	royalty,0.021140991761231152	politics,0.018342919322244675	sports,0.005596144877972952	music,0.004818902533810042	church/royalty,0.003419866314316804
Archie_Jackson	sports,0.6053087132140796	family life,0.21234852856318523	military,0.06924408540103866	film/tv,0.025966532025389497	royalty,0.023658395845354875	music,0.023658395845354875	orchestra,0.01154068090017311	politics,0.010963646855164455	church/royalty,0.010963646855164455	literature + other,0.006347374495095211
Art_Houtteman	sports,0.1780821917808219	politics,0.1232876712328767	military,0.1095890410958904	film/tv,0.1095890410958904	orchestra,0.0958904109589041	family life,0.0821917808219178	church/royalty,0.0821917808219178	music,0.0821917808219178	literature + other,0.0684931506849315	royalty,0.0684931506849315
Art_Ross	sports,0.7169117647058824	family life,0.09558823529411764	military,0.04963235294117647	film/tv,0.02389705882352941	orchestra,0.02389705882352941	literature + other,0.022058823529411766	politics,0.022058823529411766	royalty,0.016544117647058824	music,0.016544117647058824	church/royalty,0.012867647058823529
Arthur_Ernest_Percival	military,0.42725298588490773	politics,0.30564603691639525	family life,0.0988056460369164	royalty,0.03637350705754615	film/tv,0.03528773072747014	church/royalty,0.02768729641693811	sports,0.023344191096634093	literature + other,0.02225841476655809	music,0.014115092290988056	orchestra,0.009229098805646038
Arthur_Lewis_Sifton	sports,0.15873015873015872	politics,0.14285714285714285	royalty,0.1111111111111111	military,0.09523809523809523	church/royalty,0.09523809523809523	family life,0.07936507936507936	literature + other,0.07936507936507936	film/tv,0.07936507936507936	orchestra,0.07936507936507936	music,0.07936507936507936
Arthur_Morris	sports,0.46846846846846846	politics,0.08108108108108109	military,0.07207207207207207	film/tv,0.07207207207207207	family life,0.05405405405405406	literature + other,0.05405405405405406	church/royalty,0.05405405405405406	music,0.05405405405405406	royalty,0.04504504504504504	orchestra,0.04504504504504504
Aspasie	literature + other,0.3991537376586742	family life,0.19464033850493653	military,0.12129760225669958	church/royalty,0.0930888575458392	politics,0.06346967559943582	royalty,0.04090267983074753	film/tv,0.0380818053596615	sports,0.019746121297602257	orchestra,0.018335684062059238	music,0.011283497884344146
Assassinat_de_William_McKinley	politics,0.34973325429756963	family life,0.3023117960877297	military,0.22703023117960877	literature + other,0.026674570243034972	film/tv,0.023117960877296978	music,0.023117960877296978	sports,0.01778304682868998	church/royalty,0.01066982809721399	orchestra,0.01066982809721399	royalty,0.00889152341434499
Attale_Ier	church/royalty,0.36432160804020103	royalty,0.1708542713567839	family life,0.09798994974874371	military,0.09296482412060302	literature + other,0.09045226130653267	sports,0.05778894472361809	politics,0.03768844221105527	orchestra,0.035175879396984924	music,0.03015075376884422	film/tv,0.022613065326633167
Audioslave	music,0.6407185628742516	sports,0.12275449101796407	military,0.05089820359281437	family life,0.04491017964071856	film/tv,0.038922155688622756	politics,0.029940119760479042	orchestra,0.02694610778443114	literature + other,0.014970059880239521	church/royalty,0.014970059880239521	royalty,0.014970059880239521
Augustin_de_Cantorbéry	church/royalty,0.5299145299145299	military,0.12179487179487179	literature + other,0.0876068376068376	family life,0.08547008547008547	royalty,0.05128205128205128	music,0.03205128205128205	sports,0.029914529914529916	orchestra,0.029914529914529916	politics,0.019230769230769232	film/tv,0.01282051282051282
Austin_Nichols_(acteur)	film/tv,0.46153846153846156	music,0.1575091575091575	sports,0.11355311355311355	family life,0.07326007326007326	politics,0.047619047619047616	royalty,0.03663003663003663	church/royalty,0.03296703296703297	literature + other,0.029304029304029304	orchestra,0.02564102564102564	military,0.02197802197802198
Ayumi_Hamasaki	music,0.5385767790262173	family life,0.18651685393258427	film/tv,0.07415730337078652	military,0.05318352059925094	orchestra,0.039700374531835204	politics,0.030711610486891385	sports,0.029213483146067417	literature + other,0.018726591760299626	church/royalty,0.015730337078651686	royalty,0.01348314606741573
Áedan_de_Dalriada	church/royalty,0.664804469273743	military,0.06517690875232775	royalty,0.06517690875232775	family life,0.054003724394785846	politics,0.04655493482309125	sports,0.03165735567970205	music,0.0260707635009311	literature + other,0.020484171322160148	orchestra,0.0148975791433892	film/tv,0.0111731843575419
Ban_Ki-moon	military,0.3088480801335559	politics,0.2938230383973289	family life,0.12186978297161936	sports,0.05676126878130217	film/tv,0.05509181969949917	music,0.041736227045075125	royalty,0.0333889816360601	church/royalty,0.03005008347245409	orchestra,0.03005008347245409	literature + other,0.028380634390651086
Bart_King	sports,0.21794871794871795	politics,0.11538461538461539	film/tv,0.11538461538461539	music,0.10256410256410256	church/royalty,0.08974358974358974	family life,0.07692307692307693	military,0.07692307692307693	royalty,0.07692307692307693	literature + other,0.0641025641025641	orchestra,0.0641025641025641
Barthélemy_Boganda	military,0.3396663577386469	literature + other,0.2731696014828545	politics,0.1494439295644115	family life,0.13623725671918444	royalty,0.051899907321594066	church/royalty,0.0159870250231696	orchestra,0.011816496756255792	sports,0.010194624652455977	music,0.008341056533827619	film/tv,0.003243744207599629
Basiliscus	church/royalty,0.5257890685142417	military,0.21478060046189376	family life,0.12548113933795227	literature + other,0.03926096997690531	royalty,0.03695150115473441	politics,0.020785219399538105	sports,0.016936104695919937	orchestra,0.008468052347959968	music,0.006928406466512702	film/tv,0.004618937644341801
Baudouin_de_Forde	church/royalty,0.3973509933774834	royalty,0.11258278145695365	family life,0.10596026490066225	military,0.07947019867549669	orchestra,0.07947019867549669	literature + other,0.0728476821192053	sports,0.039735099337748346	politics,0.039735099337748346	film/tv,0.039735099337748346	music,0.033112582781456956
Beatrice_du_Royaume-Uni	royalty,0.5660060463553913	family life,0.23580786026200873	military,0.0913671481357071	literature + other,0.02989586832381592	orchestra,0.02519314746388982	politics,0.016795431642593214	film/tv,0.01175680214981525	church/royalty,0.010413167618407793	sports,0.006382264024185421	music,0.006382264024185421
Bedřich_Smetana	orchestra,0.5857461024498887	family life,0.0935412026726058	politics,0.066815144766147	military,0.066815144766147	film/tv,0.042316258351893093	music,0.0378619153674833	royalty,0.035634743875278395	literature + other,0.031180400890868598	church/royalty,0.026726057906458798	sports,0.013363028953229399
Ben_Paschal	sports,0.23809523809523808	music,0.15476190476190477	film/tv,0.09523809523809523	politics,0.08333333333333333	military,0.08333333333333333	orchestra,0.08333333333333333	literature + other,0.07142857142857142	royalty,0.07142857142857142	family life,0.05952380952380952	church/royalty,0.05952380952380952
Benjamin_Harrison	politics,0.692435854715095	military,0.12895701432855713	family life,0.06431189603465512	royalty,0.031322892369210265	literature + other,0.025658113962012664	sports,0.023992002665778073	film/tv,0.014661779406864379	orchestra,0.009663445518160613	music,0.005331556147950683	church/royalty,0.0036654448517160947
Benjamin_Morrell	family life,0.45662100456621	politics,0.1232876712328767	military,0.0776255707762557	church/royalty,0.0730593607305936	literature + other,0.0684931506849315	film/tv,0.0547945205479452	royalty,0.0502283105022831	sports,0.0410958904109589	orchestra,0.0273972602739726	music,0.0273972602739726
Benjamin_Mountfort	orchestra,0.18181818181818182	military,0.11688311688311688	film/tv,0.1038961038961039	church/royalty,0.1038961038961039	family life,0.09090909090909091	literature + other,0.09090909090909091	sports,0.07792207792207792	politics,0.07792207792207792	royalty,0.07792207792207792	music,0.07792207792207792
Beorhtwulf_de_Mercie	church/royalty,0.6867954911433173	family life,0.13526570048309178	military,0.07971014492753623	sports,0.02254428341384863	literature + other,0.020933977455716585	royalty,0.016908212560386472	orchestra,0.013687600644122383	music,0.00966183574879227	politics,0.008051529790660225	film/tv,0.00644122383252818
Bernard_Fanning	music,0.1875	sports,0.109375	orchestra,0.109375	family life,0.09375	literature + other,0.09375	military,0.09375	politics,0.078125	film/tv,0.078125	church/royalty,0.078125	royalty,0.078125
Bert_Trautmann	sports,0.46140797285835455	military,0.22264631043256997	family life,0.20610687022900764	film/tv,0.019508057675996608	church/royalty,0.018659881255301103	royalty,0.017811704834605598	music,0.017387616624257845	politics,0.015267175572519083	orchestra,0.013994910941475827	literature + other,0.00720949957591179
Bette_Davis	film/tv,0.5913354175971416	family life,0.10317105850826262	music,0.08977221974095578	orchestra,0.053595355069227336	military,0.04510942384993301	royalty,0.04198302813756141	sports,0.030817329164805715	literature + other,0.019205002233139794	politics,0.012952210808396605	church/royalty,0.01205895489057615
Big_Star	music,0.49214659685863876	sports,0.07329842931937172	orchestra,0.07329842931937172	family life,0.06282722513089005	politics,0.06282722513089005	military,0.05759162303664921	church/royalty,0.05235602094240838	film/tv,0.04712041884816754	royalty,0.041884816753926704	literature + other,0.03664921465968586
Bill_Brown_(cricket)	sports,0.20588235294117646	military,0.1323529411764706	family life,0.10294117647058823	politics,0.10294117647058823	orchestra,0.08823529411764706	literature + other,0.07352941176470588	film/tv,0.07352941176470588	church/royalty,0.07352941176470588	royalty,0.07352941176470588	music,0.07352941176470588
Bill_O'Reilly_(cricket)	sports,0.44036697247706424	politics,0.08256880733944955	film/tv,0.08256880733944955	church/royalty,0.07339449541284404	literature + other,0.06422018348623854	music,0.06422018348623854	royalty,0.05504587155963303	family life,0.045871559633027525	military,0.045871559633027525	orchestra,0.045871559633027525
Bill_Ponsford	sports,0.6726190476190477	family life,0.06547619047619048	royalty,0.06547619047619048	military,0.057539682539682536	literature + other,0.02976190476190476	church/royalty,0.027777777777777776	orchestra,0.027777777777777776	film/tv,0.025793650793650792	politics,0.015873015873015872	music,0.011904761904761904
Bill_Russell	sports,0.6918576304241834	family life,0.14115065821550463	military,0.08898098488542175	politics,0.02437835202340322	film/tv,0.022671867381764993	music,0.008776206728425159	literature + other,0.007069722086786933	church/royalty,0.006338371526084837	royalty,0.006338371526084837	orchestra,0.0024378352023403218
Bix_Beiderbecke	orchestra,0.42045454545454547	music,0.23295454545454544	film/tv,0.0928030303030303	family life,0.08333333333333333	military,0.06439393939393939	sports,0.02462121212121212	politics,0.022727272727272728	royalty,0.020833333333333332	literature + other,0.01893939393939394	church/royalty,0.01893939393939394
Bob_Dylan	music,0.45196634709450206	family life,0.18313441596556446	film/tv,0.11426335355116415	literature + other,0.06574055957738212	orchestra,0.0635883388769321	military,0.06241440031305028	politics,0.024065740559577383	sports,0.019761299158677362	royalty,0.009587164938368226	church/royalty,0.005478379964781843
Bob_Meusel	sports,0.6143187066974596	military,0.09699769053117784	family life,0.09237875288683603	film/tv,0.08198614318706697	politics,0.03233256351039261	orchestra,0.02424942263279446	literature + other,0.017321016166281754	church/royalty,0.016166281755196306	music,0.016166281755196306	royalty,0.008083140877598153
Bob_Windle	sports,0.6666666666666666	family life,0.15384615384615385	military,0.05789909015715467	music,0.03391232423490488	film/tv,0.028949545078577336	politics,0.021505376344086023	literature + other,0.009925558312655087	church/royalty,0.009925558312655087	royalty,0.009098428453267164	orchestra,0.008271298593879239
Bobby_Robson	sports,0.6455182589450388	family life,0.1350055330136481	military,0.11766875691626706	royalty,0.02102545186278126	film/tv,0.018443378827001106	music,0.01770564367392106	politics,0.01733677609738104	church/royalty,0.014385835485060863	literature + other,0.00885282183696053	orchestra,0.004057543341940244
Bradley_Joseph	music,0.34057971014492755	film/tv,0.15942028985507245	orchestra,0.13768115942028986	family life,0.07246376811594203	sports,0.057971014492753624	literature + other,0.050724637681159424	politics,0.050724637681159424	military,0.043478260869565216	church/royalty,0.043478260869565216	royalty,0.043478260869565216
Brian_Horrocks	military,0.5	royalty,0.12804878048780488	film/tv,0.07621951219512195	politics,0.06097560975609756	orchestra,0.054878048780487805	music,0.051829268292682924	family life,0.039634146341463415	church/royalty,0.03353658536585366	sports,0.03048780487804878	literature + other,0.024390243902439025
Bronwyn_Bancroft	family life,0.19076923076923077	military,0.15076923076923077	politics,0.12615384615384614	music,0.10461538461538461	orchestra,0.09846153846153846	literature + other,0.08615384615384615	film/tv,0.08307692307692308	royalty,0.07384615384615385	sports,0.06769230769230769	church/royalty,0.018461538461538463
Bruno_Maddox	literature + other,0.171875	music,0.14583333333333334	family life,0.140625	military,0.13541666666666666	orchestra,0.109375	film/tv,0.10416666666666667	sports,0.06770833333333333	politics,0.052083333333333336	church/royalty,0.041666666666666664	royalty,0.03125
Bryan_Gunn	sports,0.5342465753424658	family life,0.091324200913242	politics,0.091324200913242	military,0.0684931506849315	royalty,0.0502283105022831	literature + other,0.0365296803652968	music,0.0365296803652968	film/tv,0.0319634703196347	church/royalty,0.0319634703196347	orchestra,0.0273972602739726
Calvin_Coolidge	politics,0.6727383120825744	military,0.12568306010928962	family life,0.08348512446873102	film/tv,0.03400121432908318	literature + other,0.02580449301760777	royalty,0.021554341226472373	music,0.015179113539769277	sports,0.008803885853066181	church/royalty,0.006375227686703097	orchestra,0.006375227686703097
Caroline_d'Ansbach	royalty,0.6148078725398313	family life,0.17713214620431114	military,0.08528584817244611	literature + other,0.041237113402061855	church/royalty,0.019681349578256794	orchestra,0.01499531396438613	sports,0.01358950328022493	politics,0.01358950328022493	film/tv,0.011246485473289597	music,0.008434864104967198
Carrière_militaire_de_Hugo_Chávez	military,0.3760855043420174	politics,0.26118904475617905	family life,0.19973279893119572	literature + other,0.05744822979291917	sports,0.024716098864395457	orchestra,0.02004008016032064	film/tv,0.018704074816299265	church/royalty,0.016700066800267203	royalty,0.014696058784235137	music,0.01068804275217101
Carsten_Borchgrevink	family life,0.6446937821411874	military,0.11968209443665265	politics,0.09256661991584852	literature + other,0.039738195418419824	royalty,0.028050490883590462	sports,0.019635343618513323	film/tv,0.0182328190743338	music,0.01729780271154745	church/royalty,0.013090229079008883	orchestra,0.0070126227208976155
Caspar_David_Friedrich	literature + other,0.4104541559554413	family life,0.24592973436161097	orchestra,0.11910882604970009	military,0.10454155955441302	royalty,0.05312767780634105	church/royalty,0.02570694087403599	sports,0.01456726649528706	politics,0.011139674378748929	music,0.009425878320479864	film/tv,0.005998286203941731
Catherine_de_Médicis	royalty,0.49124293785310735	military,0.17966101694915254	family life,0.14350282485875707	literature + other,0.07288135593220339	church/royalty,0.0519774011299435	orchestra,0.019491525423728815	politics,0.012429378531073447	sports,0.012146892655367232	film/tv,0.012146892655367232	music,0.004519774011299435
Ceawlin	church/royalty,0.6173913043478261	family life,0.13043478260869565	military,0.06086956521739131	literature + other,0.043478260869565216	sports,0.03768115942028986	music,0.028985507246376812	royalty,0.02608695652173913	politics,0.020289855072463767	film/tv,0.017391304347826087	orchestra,0.017391304347826087
Cenred_de_Mercie	church/royalty,0.7275064267352185	family life,0.07583547557840617	military,0.05398457583547558	literature + other,0.042416452442159386	politics,0.03598971722365039	music,0.019280205655526992	royalty,0.017994858611825194	film/tv,0.010282776349614395	orchestra,0.010282776349614395	sports,0.006426735218508998
Charles_Atangana	military,0.12307692307692308	orchestra,0.12307692307692308	music,0.12307692307692308	family life,0.1076923076923077	film/tv,0.1076923076923077	royalty,0.1076923076923077	sports,0.07692307692307693	literature + other,0.07692307692307693	politics,0.07692307692307693	church/royalty,0.07692307692307693
Charles_Carroll_le_Colon	politics,0.37037037037037035	family life,0.15873015873015872	royalty,0.14285714285714285	church/royalty,0.07407407407407407	orchestra,0.05291005291005291	music,0.05291005291005291	film/tv,0.047619047619047616	military,0.042328042328042326	literature + other,0.031746031746031744	sports,0.026455026455026454
Charles_Holden	orchestra,0.20945945945945946	military,0.16891891891891891	politics,0.11486486486486487	film/tv,0.11486486486486487	literature + other,0.0945945945945946	music,0.07432432432432433	church/royalty,0.06756756756756757	family life,0.060810810810810814	royalty,0.05405405405405406	sports,0.04054054054054054
Charles_II_d'Angleterre	royalty,0.5188527231711247	military,0.16113438607798905	family life,0.12310667096358363	church/royalty,0.07379954882371899	politics,0.036738640025781505	film/tv,0.03351595230422172	literature + other,0.015468901063486949	music,0.014179825974863036	sports,0.013213019658395102	orchestra,0.009990331936835321
Charles_Stewart	military,0.12903225806451613	politics,0.11290322580645161	royalty,0.11290322580645161	family life,0.0967741935483871	sports,0.0967741935483871	literature + other,0.0967741935483871	film/tv,0.0967741935483871	music,0.0967741935483871	church/royalty,0.08064516129032258	orchestra,0.08064516129032258
Charles_Villiers_Stanford	orchestra,0.5769230769230769	film/tv,0.13122171945701358	music,0.06561085972850679	royalty,0.049773755656108594	family life,0.04751131221719457	literature + other,0.033936651583710405	church/royalty,0.03167420814479638	politics,0.02262443438914027	sports,0.020361990950226245	military,0.020361990950226245
Charlie_Macartney	sports,0.4375	film/tv,0.08333333333333333	royalty,0.07291666666666667	music,0.07291666666666667	literature + other,0.0625	politics,0.0625	family life,0.052083333333333336	military,0.052083333333333336	church/royalty,0.052083333333333336	orchestra,0.052083333333333336
Charlotte_Augusta_de_Galles	royalty,0.44234930448222565	family life,0.25193199381761977	military,0.1375579598145286	film/tv,0.05749613601236476	music,0.04544049459041731	politics,0.02534775888717156	orchestra,0.013292117465224112	church/royalty,0.010510046367851623	literature + other,0.009582689335394128	sports,0.006491499227202473
Chester_Alan_Arthur	politics,0.7404529307282416	military,0.1183392539964476	family life,0.05661634103019538	royalty,0.020648312611012434	film/tv,0.017984014209591476	literature + other,0.015097690941385435	sports,0.012655417406749556	music,0.009325044404973356	orchestra,0.004662522202486678	church/royalty,0.0042184724689165185
Chinua_Achebe	literature + other,0.22477064220183487	film/tv,0.1926605504587156	military,0.16972477064220184	family life,0.1536697247706422	music,0.08027522935779817	politics,0.052752293577981654	sports,0.04128440366972477	orchestra,0.03211009174311927	church/royalty,0.02981651376146789	royalty,0.022935779816513763
Choe_Bu	literature + other,0.2625	family life,0.16875	church/royalty,0.11875	politics,0.1125	military,0.09375	sports,0.0625	royalty,0.05	film/tv,0.04375	orchestra,0.04375	music,0.04375
Chrisye	orchestra,0.189873417721519	music,0.12658227848101267	family life,0.11392405063291139	royalty,0.11392405063291139	politics,0.10126582278481013	sports,0.0759493670886076	literature + other,0.0759493670886076	military,0.0759493670886076	film/tv,0.06329113924050633	church/royalty,0.06329113924050633
Cillian_Murphy	film/tv,0.611878453038674	music,0.12154696132596685	sports,0.07596685082872928	military,0.05110497237569061	family life,0.03038674033149171	church/royalty,0.029005524861878452	politics,0.023480662983425413	literature + other,0.020718232044198894	orchestra,0.020718232044198894	royalty,0.015193370165745856
Clarence_Decatur_Howe	politics,0.385	military,0.13	sports,0.115	family life,0.075	film/tv,0.065	royalty,0.055	literature + other,0.05	orchestra,0.045	church/royalty,0.04	music,0.04
Clem_Hill	sports,0.42424242424242425	family life,0.0707070707070707	politics,0.0707070707070707	military,0.0707070707070707	royalty,0.0707070707070707	music,0.0707070707070707	film/tv,0.06060606060606061	orchestra,0.06060606060606061	literature + other,0.050505050505050504	church/royalty,0.050505050505050504
Clements_Markham	family life,0.3710144927536232	film/tv,0.21159420289855072	royalty,0.07536231884057971	literature + other,0.07246376811594203	politics,0.07246376811594203	military,0.06666666666666667	orchestra,0.043478260869565216	music,0.034782608695652174	sports,0.028985507246376812	church/royalty,0.02318840579710145
CM_Punk	sports,0.6576148449875537	music,0.12152070604209098	military,0.0746775288526816	family life,0.0629101606698348	film/tv,0.0461642905634759	literature + other,0.011088481556913329	politics,0.007920343969223807	church/royalty,0.007694048427245984	royalty,0.007015161801312514	orchestra,0.0033944331296673455
Coenwulf_de_Mercie	church/royalty,0.6591676040494938	military,0.10573678290213723	family life,0.09167604049493813	politics,0.06074240719910011	literature + other,0.031496062992125984	royalty,0.02530933633295838	orchestra,0.007311586051743532	sports,0.006749156355455568	film/tv,0.006749156355455568	music,0.005061867266591676
Colley_Cibber	film/tv,0.3726937269372694	family life,0.14206642066420663	orchestra,0.11808118081180811	literature + other,0.09040590405904059	royalty,0.08487084870848709	military,0.06088560885608856	church/royalty,0.04797047970479705	sports,0.03505535055350553	music,0.025830258302583026	politics,0.02214022140221402
Constantin_II_d'Écosse	church/royalty,0.5125	royalty,0.13125	family life,0.090625	military,0.084375	film/tv,0.046875	sports,0.0375	literature + other,0.028125	orchestra,0.028125	politics,0.021875	music,0.01875
Cosmo_Lang	church/royalty,0.19480519480519481	royalty,0.12987012987012986	orchestra,0.1038961038961039	politics,0.09090909090909091	military,0.09090909090909091	music,0.09090909090909091	family life,0.07792207792207792	sports,0.07792207792207792	literature + other,0.07792207792207792	film/tv,0.06493506493506493
Cædmon	church/royalty,0.36228287841191065	literature + other,0.16377171215880892	family life,0.13895781637717122	orchestra,0.13399503722084366	military,0.08436724565756824	film/tv,0.03722084367245657	politics,0.022332506203473945	royalty,0.022332506203473945	music,0.019851116625310174	sports,0.01488833746898263
Cædwalla	church/royalty,0.42657342657342656	military,0.1258741258741259	royalty,0.09090909090909091	literature + other,0.06293706293706294	orchestra,0.06293706293706294	family life,0.055944055944055944	politics,0.04895104895104895	music,0.04895104895104895	sports,0.04195804195804196	film/tv,0.03496503496503497
Damageplan	music,0.40963855421686746	orchestra,0.10240963855421686	politics,0.09036144578313253	military,0.07228915662650602	film/tv,0.07228915662650602	family life,0.060240963855421686	sports,0.060240963855421686	literature + other,0.05421686746987952	church/royalty,0.04819277108433735	royalty,0.030120481927710843
Damon_Hill	sports,0.5807416267942583	military,0.15231259968102073	family life,0.14473684210526316	music,0.03588516746411483	film/tv,0.025518341307814992	royalty,0.019736842105263157	politics,0.014553429027113238	orchestra,0.014354066985645933	literature + other,0.007974481658692184	church/royalty,0.004186602870813397
Daniel_Boone	politics,0.5428921568627451	family life,0.16574754901960784	military,0.10447303921568628	literature + other,0.06403186274509803	film/tv,0.046262254901960786	royalty,0.024816176470588234	church/royalty,0.021752450980392156	orchestra,0.014705882352941176	music,0.010723039215686275	sports,0.004595588235294118
Daniel_Sedin	sports,0.7418181818181818	military,0.04363636363636364	family life,0.04	film/tv,0.03636363636363636	politics,0.03272727272727273	orchestra,0.025454545454545455	royalty,0.02181818181818182	music,0.02181818181818182	literature + other,0.01818181818181818	church/royalty,0.01818181818181818
David_Ier_d'Écosse	church/royalty,0.5332932210188528	family life,0.16125150421179302	military,0.12294424388287205	royalty,0.12033694344163658	literature + other,0.024067388688327317	film/tv,0.009626955475330927	politics,0.0094263939029282	sports,0.009225832330525471	orchestra,0.005214600882470918	music,0.004612916165262736
David_Lewis_(homme_politique)	politics,0.29545454545454547	sports,0.10227272727272728	military,0.10227272727272728	church/royalty,0.07954545454545454	royalty,0.07954545454545454	orchestra,0.07954545454545454	music,0.07954545454545454	film/tv,0.06818181818181818	family life,0.056818181818181816	literature + other,0.056818181818181816
David_Lovering	music,0.2903225806451613	politics,0.12903225806451613	literature + other,0.08602150537634409	family life,0.07526881720430108	military,0.07526881720430108	royalty,0.07526881720430108	orchestra,0.07526881720430108	sports,0.06451612903225806	film/tv,0.06451612903225806	church/royalty,0.06451612903225806
Deusdedit_de_Cantorbéry	church/royalty,0.463768115942029	family life,0.08695652173913043	military,0.08695652173913043	royalty,0.0821256038647343	politics,0.07246376811594203	literature + other,0.06280193236714976	orchestra,0.043478260869565216	sports,0.03864734299516908	film/tv,0.033816425120772944	music,0.028985507246376812
Démosthène	literature + other,0.3941908713692946	military,0.21300138312586445	family life,0.18603042876901799	church/royalty,0.06500691562932227	royalty,0.04910096818810512	politics,0.03941908713692946	orchestra,0.017980636237897647	sports,0.016597510373443983	film/tv,0.014522821576763486	music,0.004149377593360996
Diane_Keaton	film/tv,0.5942401645667267	family life,0.18308048341475958	music,0.06942658781177681	military,0.053741321676523526	sports,0.043455901259964	orchestra,0.017742350218565184	literature + other,0.016970943687323218	royalty,0.01131396245821548	church/royalty,0.0053998457186937516	politics,0.004628439187451787
Dick_Turpin	film/tv,0.31538696849189357	military,0.23524013459773632	family life,0.22789843988987457	literature + other,0.06362802080146834	church/royalty,0.06240440501682472	politics,0.027225451208320588	royalty,0.02691954726215968	music,0.02294279596206791	sports,0.013765677577240747	orchestra,0.004588559192413582
Dioclétien	church/royalty,0.4657198824681685	military,0.24485798237022527	family life,0.13418217433888344	royalty,0.04603330068560235	literature + other,0.043095004897159644	politics,0.029872673849167482	sports,0.013712047012732615	orchestra,0.00832517140058766	music,0.007835455435847209	film/tv,0.006366307541625857
Dmitri_Chostakovitch	orchestra,0.5181219110378913	military,0.13838550247116968	family life,0.13056013179571663	politics,0.08072487644151564	literature + other,0.06219110378912685	sports,0.018121911037891267	film/tv,0.01729818780889621	church/royalty,0.013591433278418451	music,0.013591433278418451	royalty,0.007413509060955519
