	Art	Business	Education	Explorers	Humanities	Law	Literature	Media	Music	Personal	Politics	Religion	Royalty	Science	Sports	Warfare	Other
A. E. J. Collins	0.00110598511633533	0.000254896602612333	0.00638051552350333	0.00161922436140267	0.000797228864278	0.00461777519919	0.00341381465621667	0.02553960290012	0.00109667315507867	0.259585685179333	0.000661424166298667	0.000210887212872667	0.000697878142279	0.000211666164693933	0.433417665328	0.0579025987092333	0.202486478718333
Abdul Karim (the Munshi)	0.00512793997446333	0.000189773092227	0.00732305014763333	0.0122227451937756	0.001030354395138	0.0535417965014333	0.0230677638666333	0.0300951430242733	0.000125611084696467	0.158543452161667	0.0302545086035333	0.000547665869271667	0.0949416591596667	0.003681295499794	0.000373882444143667	0.0250467128243333	0.553886646157
Acdc	0.0170655939752667	0.104178059233	0.1221501908502	0.0121052097199333	0.0294064164442333	0.0532069954167	0.0404004635673333	0.0687819420882667	0.0337076253809333	0.0732758277572667	0.0407775617165667	0.0125224216239667	0.0333842362457333	0.01675776328374	0.0567744705534667	0.0235668085309667	0.261938413612333
Adam Gilchrist	0.000287063156539367	6.24392467293333e-05	0.000534879979036	0.000124103660495067	0.000313684706819333	0.00998496588359367	0.000294718403345	0.0323779686687	0.000487169695996	0.0529571607447667	0.0226029770856667	0.000555157811995	0.000708645069576667	0.000155811348600933	0.693552103701	0.000776003042257333	0.184225147794667
Adrian Cole (RAAF officer)	0.000308597187590333	0.00282677488455	0.0417914911460333	0.0625390649456957	0.000552336934172	0.00555989025622333	0.00137004949084333	0.0244915193044667	0.000757372671679667	0.0777695568199667	0.0966237767281	0.000133521742021	0.00133479026276233	0.00209576147555133	0.00392192652605	0.493548107968333	0.184375461655667
Áedán mac Gabráin	0.00406225239345667	0.000121407478189667	0.000990908111209667	0.000189198653458667	0.00219080647020467	0.000280408729514667	0.0258894266913	0.00103833702977633	0.000895607022177	0.00550944422615	0.003725811038524	0.0131266040663567	0.323224762535667	0.000222077302381	0.000368921873021667	0.0333377561455663	0.584826270233
Albert Stanley, 1st Baron Ashfield	0.0004018710506661	0.257363367573667	0.110636232256233	0.0135321558419223	0.00449245976096667	0.000310951270301	0.001883914398318	0.0016178515763	0.01061409704222	0.0640031298664	0.198829143053333	0.0001119387491487	0.00134851857686233	0.0989445588790267	0.000775443722314	0.0264915039218667	0.208642862460667
Albertus Soegijapranata	0.00560284568222433	0.00666437859906	0.132577574325333	0.0114900339800793	0.0120828872020133	0.00688330870035667	0.0136211851444667	0.0101161707118467	0.00483819766634	0.101078369991367	0.201178053568667	0.205063556952667	0.0250178060820767	0.000439820006708667	0.000514747894441333	0.06043071992	0.202400343572667
Alexander Cameron Rutherford	0.000391552526922	0.0955297452913333	0.0871355533593333	0.008561916321973	0.000137655488811633	0.00283996458062767	0.000928444461408667	0.005877534708503	0.000149303961052967	0.0999026770845	0.401481653883667	0.00380571484665833	0.0261885436864667	0.0161763227494882	0.00170972054846333	0.00514051343516167	0.244043183066
Alexander of Lincoln	0.00478193520256	0.000109948642302667	0.0174235195485667	0.000139509465623667	0.000578512016519	0.0364511492496667	0.01500612494555	0.00144496932459	0.000478666578605667	0.0108907360357733	0.00472462700422333	0.255074380581333	0.410472531578333	0.000126111126998033	0.000652472316699	0.0118948926746557	0.229749913707667
Alexandre Banza	0.0001218774728579	0.000611717946898	0.00113973318784767	0.000267631937443333	0.000419679811726	0.136913749988333	0.000460325328216	0.00778885319915133	0.000324155540091667	0.0196552226432333	0.359241765091333	0.000149990457067833	0.03140522415684	0.000224999010628667	0.000736485459463667	0.181965165291667	0.258573423477
Alexis Bachelot	0.00034228059941	0.000263355827215667	0.0363742803195667	0.23331838619	0.000407591456028	0.000589896618221333	0.000663563366300667	0.00145985199203333	0.000322169136119333	0.0485321336097667	0.121695916944333	0.223705270849333	0.0555753973354333	0.0049462866986381	0.00117733338313167	0.0484277076722333	0.222198578002333
Alice Ayres	0.113389595037767	0.0364646056123333	0.00385930028334833	0.0212305827973867	0.0400827386926333	0.00423513464538333	0.01552417262044	0.0413394002640667	0.000148870967016667	0.250070726199	0.02614343677026	0.0297657540556	0.000280778363756667	0.00254731402649603	0.00343334284025667	0.0539777336906	0.357506513133667
Alice in Chains	0.000374716907997567	0.00393682389958	0.000413266964227667	0.000427489516844	0.000505026676524667	0.0215134815640667	0.00200362587580067	0.0496789338839133	0.732463471934667	0.0154825535619	0.000351595241368333	0.000167190634782867	0.000247651280984	0.00116050311209833	0.00104347529890067	0.0001869156238109	0.170043278022333
Alister Murdoch	0.000149551158634333	0.0237920440787133	0.036712179024	0.0769927728995333	0.00291852132115233	0.00033862246565	0.000674510707865	0.00270306505292333	0.00162245162823267	0.0135711458920833	0.122503183671667	0.000101789759358	0.00608989811829567	0.0164432594779297	0.0121726808834933	0.414188206319333	0.269026117541333
Ambrose Rookwood	0.000138873361921333	0.000145591931926	0.000479225541226667	0.0185316398032067	0.000156626791194333	0.184007825575333	0.000576527324902667	0.00691491521155133	0.000347785626671	0.1225007026679	0.001437853622933	0.0795414849241333	0.199811895374667	0.000155616551383733	0.000712465269994667	0.05929800036546	0.325242970055333
Andjar Asmara	0.000784973252251	0.0266187475352667	0.0780497713459667	0.000450349633268	0.00473372692613967	0.000591653143457333	0.273683990993333	0.346297948176	0.00233982317474667	0.0679610578080667	0.0437267968537	0.00108306143171133	0.00204679357435067	0.00431396676512733	0.00221238806748367	0.000997574801941667	0.144107376516667
André Kertész	0.301912983082333	0.0204860149702667	0.0904968430470667	0.0001251163319674	0.000816940599130667	0.000419869612471333	0.0891355795401667	0.0449491545737333	0.00461162584500667	0.21796509844	0.014693515032197	0.000352718993070667	0.000580284388230333	0.000111976755579433	0.000534786418186333	0.000576470163171333	0.212231022207
Andrew Johnston (singer)	0.000294645626198	0.000172993775085667	0.0417776190344333	0.000196745396965333	0.000781901630090667	0.00295186653813	0.00269823068024	0.291216139093	0.297629934411333	0.0994832476755333	0.00117289299824667	0.00303217379418	0.00261299673924033	0.000279430568398667	0.0503927415635	0.000679493310185	0.204626947164967
Angelina Jolie	0.000294640692712167	0.0246148585673667	0.0484682193865	0.00261063849733333	0.00473475781314167	0.0343040352316333	0.001692663655375	0.478834281227667	0.00225776382239	0.142360791467333	0.0145324474447967	0.000119403614969367	0.00481757208283	0.00581095431889667	0.00107399692538267	0.004484505169789	0.228988470081667
Angus Lewis Macdonald	0.00230711074585167	0.0671952854138667	0.0561468381580667	0.0125222573921768	0.01226545590343	0.00120185947775733	0.001431407103996	0.00988764034112	0.000712334900477333	0.041847804773	0.416619135219667	4.53616867534333e-05	0.00879088759706767	0.00958572895831127	0.004086004039599	0.0575369037822	0.297817984506333
Anne Hutchinson	0.00100497332483367	0.000103533771688667	0.000228681285841667	0.0628969294380333	0.0394586329126	0.076052151166	0.00444524474481333	0.00603912815538233	0.000161777081484667	0.135580990023	0.0732426249034667	0.181508708505333	0.0642793716325333	0.00194574592456837	9.63269491371667e-05	0.00145965086861153	0.351495529312667
Archie Jackson	0.0014398686412	0.000293083124200033	0.000632488939814667	0.00195033810544667	0.000240691090265	0.00123516362936167	0.00126352899977833	0.0316450837209333	0.01127805203217	0.224900762545667	0.003561555636021	0.0001141648146245	0.000646255178536333	0.00211901341112333	0.389430461612333	0.00442394385172667	0.324825544667333
Art Houtteman	8.64027173649333e-05	0.000365028321898	0.000359173977583333	0.000136931147510667	0.000133835695913	0.000665582667901667	0.000173207286670333	0.0430109235117667	0.000256200398361333	0.0523851110285	0.000507032126642667	4.82474374039333e-05	0.000566724953296667	0.000719208525635333	0.737923892724667	0.00400541366437	0.158657083814733
Arthur Gilligan	8.82707348862667e-05	0.000674771304508333	0.0259059330309333	0.000164324854323667	0.0106429708896533	0.000155025649652867	0.0194847605003	0.0105626240070633	0.00209213821328	0.181319366845667	0.0377419540191	0.000868363226616667	0.000117204883569833	0.000668555004125667	0.391865658065667	0.0115252212519333	0.306122857518667
Arthur Mold	0.000102737762542067	0.0001392322530041	0.000995093064319667	0.0037906133554868	0.000514314560974633	0.0464818816976	0.000362744654103	0.0362436565233767	0.000195757359436	0.175426213449	0.00279363254617	0.000606888859898333	0.000249532410584067	5.61266402133e-05	0.391054000049	0.000375009673699	0.340612565141
Arthur Morris	6.64781756474667e-05	0.00181596805115	0.000409867070933667	2.70237638439e-05	0.000956358310091667	8.38924925515333e-05	0.000524900069777333	0.0253864388322733	0.003426574454794	0.1036387731121	0.016716092858	3.88029533658333e-05	0.00050346166353	0.000215628004731467	0.551146783959333	0.00615997190464667	0.288882984323
Arthur Sifton	9.39332839025e-05	0.0545073694542333	0.000940404338609333	0.00207184668775233	0.000441002366724333	0.0191174974926333	0.000297425074198667	0.005617257275359	0.000124401986539933	0.0545026618864	0.477887064643	0.00148192182415433	0.0275361111085267	0.006646498264613	0.000581854346505667	0.01373992743892	0.334412822527667
Audioslave	0.001496621236063	0.0105122564783333	0.000431354507152667	0.000253654977029	0.0222503556487267	0.01360316573181	0.00151233520272067	0.0888106954131	0.572155167124333	0.00199970344829	0.0380901392973333	7.00342157734e-05	0.000547186486502	0.00114520601314183	0.00277836213237333	0.000558385924439	0.243785376163
Augustus Owsley Stanley	0.000128543625742	0.0564715782460333	0.00570594209703667	0.000687550265756667	0.000185231728048	0.0161226508784667	0.00253006739790567	0.0096084427774	0.000363055168082667	0.0706101433604	0.620344240492667	0.000720328991403667	0.00154853391835833	0.00282193625799467	0.0238675533662	0.000193034434683667	0.188091166993667
Avery Brundage	0.0224046854356	0.0447046526949333	0.0369566511384333	0.00831865716725	0.001929851710898	0.0278681490275667	0.00461317868482333	0.0337949493783667	0.000930390820787667	0.0559351389974333	0.238911486935667	0.000251190298663	0.0124131783012267	0.00562222367271264	0.151872515646333	0.000623218471672667	0.352849881617667
Ba Cut	0.00258354200540333	0.0102145790875333	0.000300086353970667	0.000820905338651533	0.00227860252657467	0.0592527427741	0.000702254652940333	0.00954382392924	0.000907403616203	0.00746448994036	0.246588209302	0.0144732746652667	0.140003427649607	0.000994377692967	0.000343646806177333	0.249257220013667	0.254271413645
Baldwin of Forde	0.000317405461188667	0.00407007134482033	0.00589341463899667	0.000120695285253033	0.000607639399780667	0.0226489286964	0.112737155278533	0.000640655606766333	0.00330798205879	0.00191446044970967	0.0457888185464	0.276369120952667	0.191198697638333	0.000134425674875233	0.000259674750855333	0.00320895598083333	0.330781898236333
Bart King	0.000844826941838333	0.00109267924227633	0.00543001705999667	0.0003022577380409	0.000144480529000667	0.00185774407645	0.00729214459178	0.0301323330332367	0.00345693741305	0.228803686792667	0.000522358175994	0.000143238888559333	0.000524178473916	0.000108056339611567	0.468941176939	0.000543445680723333	0.249860438084
Barthélemy Boganda	0.00101041408773667	0.0220560380476	0.00706984764031333	0.0353318934876	0.00688144148684367	0.0124315343561	0.00918631081554333	0.01170685313135	0.000669558424106	0.0620754379739333	0.439051491858	0.0787483751353333	0.024612241043924	0.012952881337757	0.000301841142831667	0.0221924956276167	0.253721344403
Bedřich Smetana	0.00335550490465167	0.00016864034053	0.00926435682948667	9.0355615225e-05	0.0212402882781233	9.69177097528e-05	0.0732581787812	0.00365093819861867	0.310766205659	0.157938411204333	0.0605740980155333	8.65776391961e-05	0.0187168212144333	0.002624868162598	0.00178864045952	0.00143652862305933	0.334942668364667
Ben Paschal	0.000126026277688667	0.00148182917452333	0.000386870213165333	0.000197408723539433	0.000220172985305667	0.000547458600917667	0.000318784540081333	0.0130495970814267	0.000872534826276333	0.0602994674981	0.000726381410937333	5.78804553988e-05	0.000427496595862667	0.00098274149205	0.834261073448	0.000769311411103667	0.0852749652656333
Benjamin Franklin Tilley	0.000411397386732667	0.00863547821592	0.0232114671102	0.1144405254219	0.001132120396015	0.0393671313491	0.00108771871779933	0.001023338465432	0.00108543984647667	0.0623134204183	0.172018990602667	0.000786039563325667	0.130799364742267	0.00103488480606333	0.000912129182248333	0.299075573911667	0.142664979863667
Benjamin Harrison	0.000166810342925267	0.0279026812380667	0.0345350031443333	0.0185846574617067	0.000274355501841133	0.0205885965154667	0.000464700433031667	0.00360225752403967	0.00343582639429667	0.122565134376	0.488745975571333	0.000328996778515367	0.0253585779604033	0.00157963365822533	0.0157812616266333	0.0349088564693667	0.201176675003667
Beorhtwulf of Mercia	0.00546748578527367	0.0207648450522333	0.000700186250747667	0.000722397395766	0.00078040740066	0.00581652228649667	0.00153852023753633	0.002152478169858	0.00239175603315333	0.00253497155152	0.001065825280638	0.0253093821916667	0.406364962740333	0.00754847198155233	0.000947774184020667	0.020660674558172	0.495233338900333
Bernard Bosanquet (cricketer)	0.000139332812999433	0.00256560601466467	0.001694884512029	8.49671046777333e-05	0.000961535745299333	8.26211530780333e-05	0.002588679394204	0.0223223789421167	0.0110941976594333	0.163894835632333	0.000585468079584	6.42263003524667e-05	0.0001392350564174	0.00697448627766	0.514771923910667	0.000387343149785333	0.271648278254333
Bert T. Combs	0.000132397699221	0.0772960741653333	0.0679594988873667	0.00789188238644	8.65473061072e-05	0.0642975347529333	0.000106259219715033	0.017890420870988	0.000105402603174467	0.0702077928175667	0.49355130462	4.92703534108e-05	0.00123764421357867	0.0045126926262309	0.0120445993111467	0.00238368797278233	0.180246990194
Bert Trautmann	0.00202614523999767	0.00600889904228	0.00785544813015333	0.000204935668453667	0.000412114906586333	0.0130894189876133	0.00128187817776	0.0197909748711833	0.000342953255065667	0.0957246016897667	0.0325220539768733	6.12824545451667e-05	0.00132168739705817	0.009111088495833	0.457132789096	0.115865137800667	0.237248590810333
Biddenden Maids	0.0246006741794333	0.0417139406265333	0.00127652587172533	0.00295701580289193	0.000644125364960667	0.0194963231869333	0.00894416308087667	0.0616492747857333	0.00499132670311667	0.190851918896	0.000741905218053667	0.0375745619237667	0.000656849342131	0.0323998215831333	0.000233088316583	0.000277925286154333	0.570990559832
Bill Brown (cricketer)	0.000657014082572333	7.75533970747667e-05	0.000308729706762667	8.88595353216667e-05	0.0001197449264428	0.00190273630391667	0.00219846405088267	0.0172528005327493	0.00590564548264667	0.0979162070771667	0.00976728129588333	0.000234858543722467	0.000152356394439833	4.81084581273333e-05	0.628380482618333	0.00174983562749133	0.233239321966333
Bill Newton	0.000400767499238	0.000209022420910333	0.00776293033357	0.0938996554834493	0.001502949154433	0.0512659646931333	0.000766051657902	0.02359510789226	0.000582869723237333	0.166036118899	0.000831418282534667	0.000434873577476333	0.00666752223172	0.00192537546697233	0.0410979106503333	0.410263826738667	0.192757635295
Bill O'Reilly (cricketer)	0.000751472488330633	0.00339510341154333	0.0277149445934667	0.00275373222782967	0.00445534754695667	0.0001269974040097	0.00570017947903667	0.02457186440434	0.000236123545451	0.224237913734	0.0135444307082667	0.000131320640795667	0.000252329210788533	0.000788603013012667	0.39987800311	0.0167173496793667	0.274744284803
Bill Ponsford	0.0098007126245	0.010812871002	0.0192912926794	0.000288332801671333	0.001917218160254	0.000267407319969	0.00355221586107433	0.04364161612553	0.001875485698844	0.139821057826	0.00430646518382333	0.0001097403614699	0.000125502083228867	0.000908738035912	0.479722534565	0.000590854359774	0.282967955311667
Blair Wark	0.000339266085429	0.00616627566949667	0.0793785956925667	0.0578311180364333	0.000243359622162333	0.000598843183507667	0.00175621539589	0.00145646852283867	0.000413064768922	0.15525671983	0.00548907998759333	0.0001571446926321	0.00167784836526733	0.00338609442227467	0.000799954052165333	0.610437869433667	0.0746120822394333
Bob Dylan	0.0264870087287	0.00115655177607	0.00126235287559467	0.000278735369241607	0.020220151877797	0.00703301711214	0.070293285669	0.107309956857767	0.439031952987	0.0299460125083	0.005741489115946	0.012352655908	0.000132304832930933	0.00101663948487633	0.000192136912523667	0.00206653896750433	0.275479209017
Bob Marshall (wilderness activist)	0.001361959706688	0.0531266082755333	0.178800979020333	0.167333840310333	0.0668368164178	0.00169874783899167	0.0318935057981333	0.0100631592164563	0.000297459347865	0.151375159526667	0.0882874484417333	0.0001118623490427	0.00139642703463033	0.046309916123951	0.00278559828871	0.0130249456306833	0.185295566672667
Bob McEwen	0.000308702886407067	0.0602246781470667	0.0132035069265667	0.00766707736528267	0.00120826241454567	0.0440316742363333	0.000869045605551333	0.0636437239458	0.000260613683034333	0.0271200012665	0.446670074680667	9.79607459182e-05	0.00761198171465567	0.00550586149114167	0.0565609508034	0.00457630467309367	0.260439579414333
Bobby Eaton	0.000256187985908033	0.000758147906584	0.001162278781919	0.000430278736800833	0.0001107609496382	0.001686390438362	0.00345603635484667	0.0330661598155267	0.000921081278553333	0.0543955706532	0.00474348806004667	6.81637306296667e-05	0.000318270956289833	0.0003123606381103	0.735583177785	0.000189810283997667	0.162541835644333
Bradley Joseph	0.00232066159925533	0.0284595164712667	0.00333444173382333	0.000343327443427233	0.0384049236303	0.00106999675827533	0.010619264136699	0.06999166777798	0.546825267760667	0.001713694881392	0.000351485766893333	0.0001879480819587	0.000188697864377333	0.0144195428668769	0.000249413625853333	0.000146713052118767	0.281373436549
Brian Booth	0.001743023455075	0.000270319311770667	0.0128847404950167	0.0119942827484833	0.00910581158703667	0.000884873363264667	0.00524492638241533	0.0276730009032873	0.00325682207683333	0.0757350244306333	0.0285538609913667	0.0159201762776	0.00114201801122	9.63502589885333e-05	0.569379957862333	0.000343540365536	0.235771271479333
Brian Eaton	0.000118179698868967	0.0125408694810367	0.02100260361255	0.081670346449724	0.001750315978018	0.000303695392237667	0.000439150473593667	0.00480662442656633	0.00246619147204667	0.0572540993781333	0.00937843891722	0.000585783678498933	0.00175733225856267	0.0235525846699298	0.0167464798999867	0.536910213626667	0.228717090586
Brian Horrocks	0.00432447330334333	0.00170851267263	0.0466421085979	0.015511992971956	0.000664939832509333	0.004211397320753	0.00168828743857967	0.0373154799925667	0.000919872614911667	0.0116381444410733	0.003613003561494	0.000141761372187467	0.00704783290566	0.0011627388263406	0.0238549784263667	0.530030558012333	0.309523917709333
Bronwyn Bancroft	0.311727909657667	0.0345827882833	0.254440684321333	0.0292327700473	0.00341451732959333	0.0100324264233933	0.118413248080667	0.0660288321334667	0.000799810605690333	0.0534746598674667	0.01682072880961	0.000153408692527333	0.0234645793659	0.000855160523688133	0.00205283207087	0.000321777506359	0.0741838662812667
Bronwyn Oliver	0.395878741854	0.0227100648743333	0.0671093851368667	0.00055525919818	0.0376894727608333	0.002935147385131	0.0270550511674667	0.0395383602249333	0.00290900866005	0.0806159435523333	0.000962883949019333	0.000173263511589367	0.000605256804392	0.0298849809167333	0.0304540357240667	0.000208029565000333	0.260715114715333
Bruce Kingsbury	0.000515738078676867	0.0134065001605667	0.01330205356082	0.0479675767852333	0.000470096557956333	0.00245630281886433	0.00206697662332667	0.0151294171959133	0.00389423519229667	0.153782798059	0.00297902607538767	0.000149366216722667	0.00941831335542233	0.0034131362916435	0.0192473530944167	0.546420329723	0.165380780211
Brunette Coleman	0.000747547344241667	0.000178714677927333	0.00153718952767667	0.00367535793229867	0.0671371550670667	0.023689396548	0.344384887662333	0.0492585947421667	0.00149116336789833	0.0726502322205667	0.000775936144036333	0.00204657252942167	0.000892311955809	0.000238379611942333	0.00670848510181333	0.00834394186674667	0.416244133700333
Bryan Gunn	0.000208304005163333	0.0188489346808	0.0536982755573	0.00383019614185667	0.000750021532752	0.000303849925846333	0.000565251202040667	0.082476562514	0.000146731493447367	0.0831852276424667	0.00500378921855867	5.56872926881e-05	0.0006947591553	0.00995629706350267	0.470325832242667	0.0095779698152	0.260372310516667
C. D. Howe	2.63282611517333e-05	0.110971242653	0.0352224575600333	0.018476073654066	0.000118972536329167	0.0001901220037563	0.000265995585103333	0.0160335547324267	8.69369977437e-05	0.0513951588557	0.281170367387333	8.60388230832e-05	0.00466476284663	0.0374596653523199	0.000534983968700333	0.0373102666453	0.405987072137667
C. R. M. F. Cruttwell	0.00646696656226333	0.000241107894276667	0.209539848110333	0.002222576626111	0.0208352424317733	0.0321282713756	0.132713897183667	0.01385684401078	0.000345138866851333	0.0947532012038333	0.0893805607136	8.63505343233333e-05	0.000638230358656	0.0008617501103	0.00379532879864333	0.0363515210105333	0.355783164208333
Ceawlin of Wessex	0.0001365056380761	0.000183763956614	0.001060746507101	0.000354948531856	0.0206685824512333	0.000124146273484333	0.0128546752899233	0.000704336497568	0.000228905196536333	0.00116755068944733	0.000640871223379667	5.99884807208667e-05	0.185870278610533	0.000394009374506333	0.0175541480388667	0.0334343874155383	0.724562155824333
Cedric Howell	0.000561301751820667	0.000597555331167333	0.00974239608143	0.147345688461621	0.000243766535837333	0.000423666267623333	0.000478974300890667	0.00174809095968667	0.000985971157743667	0.0909699960613666	0.00241410989378533	0.0130520453070667	0.00108996591129867	0.0122639595994304	0.02829370042618	0.554615353095333	0.135173458857333
Charles Atangana	0.000980901349595	0.0387754089221	0.0173407290950467	0.0493580990238733	0.000808724255302333	0.0193165349434	0.00973864874844667	0.00135000402634167	0.00865956915319667	0.1090961591566	0.164395340706333	0.00425108006245	0.124855591393067	0.0039544232343398	0.000193685928451333	0.0680374656643367	0.378887634336667
Charles Carroll the Settler	0.0002226280463342	0.0630291476919667	0.01204056396491	0.061325359494623	0.00212079574943733	0.000960859834254667	0.00118665179453167	0.000863316337926667	0.000223785273696	0.108961734162233	0.269257408080333	0.0246779840356	0.239192566768667	0.0015110790800747	0.000431625513751667	0.010768593849364	0.203225900321333
Charles Eaton (RAAF officer)	0.000744401030215667	0.000518560396181333	0.0329225066451333	0.166948557047333	0.000686372282796333	0.00861553570320667	0.000324904715402667	0.01041233675386	0.00121265733474467	0.0306299880461	0.0489783002737333	0.0144986085230333	0.00120414755611633	0.0257994650953407	0.00141314196226567	0.449956095061	0.205134421573333
Charles Edward Magoon	0.00179828195332733	0.0162478222498867	0.0614775742065	0.0378033343883333	0.0295048594846	0.0548079991741	0.0309727185541333	0.00381281551754333	0.0056060782111	0.0100282649327133	0.3590943333	8.61815215927e-05	0.0207420935338673	0.0114730900621303	0.000385999773679	0.03100849746195	0.325150055674333
Charles Holden	0.417251939804667	0.106643344579	0.0365051962074667	0.0198931254611754	0.00213391735654867	0.000266028487388333	0.01134183886003	0.000917895808959	0.00470696358472	0.0853358981759667	0.0268227312670667	0.001446409260207	0.00125564278784367	0.055483538663763	0.00433966712677333	0.0291912986092667	0.196464563959333
Charles Scott (governor)	6.93547697431333e-05	0.000484561570818333	0.000902260779242	0.0752484415244667	8.25851228570667e-05	0.00750967060829667	0.000136665508283667	0.00595005264474833	0.0001515198826086	0.0717832944219	0.141625466491667	6.88541700979333e-05	0.06422644214879	0.0001110270044259	0.0001744300625827	0.391723001856	0.239752371433333
Charles Stewart (Canadian politician)	0.000500135209310667	0.0481433387983	0.000856698198456	0.008984993682056	0.001175180716557	0.00361636077589333	0.000561056384516	0.00177568368937	0.0001655163415646	0.0733826053159	0.516292917358667	8.67353349418e-05	0.00799001087241533	0.00394755169629333	0.00134993795206867	0.0203240479691157	0.310847229704667
Charlie Macartney	0.00277933010060133	0.000939516862687	0.000555424270047	0.00581732273708	0.00266653977024967	0.000169302078826767	0.003832272354407	0.01352269589017	0.00451089186208667	0.161427704344333	0.00283533919158167	0.0002367489169158	0.000211122793461333	0.0002087166585493	0.561532108486667	0.0213144327039333	0.217440530978667
Charlotte Stuart, Duchess of Albany	0.00176435260591	0.000992202290243333	0.00621444868018	0.000622074938054667	0.00483737898398	0.0421896636191667	0.0210713317708	0.00113084073359767	0.000505615126829	0.26719444936	0.000823916439464	0.0005231679089455	0.296391435824667	0.00270908088078667	0.000682510569204	0.00515536955892333	0.347192160709333
Chester A. Arthur	0.000944569606763	0.0291843145003	0.01312632289294	0.013251604896976	0.000234591811055	0.0291873688839	0.000191296269698667	0.00160475880500967	0.000207550511624667	0.118090597486667	0.421361524516667	0.00814432224642333	0.0158799872756917	0.00428723719171127	0.000362116924396	0.0334191676893667	0.310522668491
Choe Bu	0.00516842954732333	0.0324262732080333	0.0189073649640333	0.259823403439667	0.0216213396955667	0.0311360444566	0.0466165905223	0.0173168419948167	0.000204982522814233	0.00430065935640333	0.0330039564251333	0.01043160270134	0.0440185177034333	0.0105150458403057	0.000907288324833667	0.0656689880743667	0.397932671223333
Christopher Smart's asylum confinement	8.55959619677333e-05	0.000310914929520667	0.000401696111015667	0.000101022790351467	0.138712715174	0.0939663758022333	0.151939784807333	0.00981817058092067	0.000285251641184	0.0559571234552667	0.00998678182695333	0.0393933921766333	0.00081789098165	0.0168950104037333	0.000266191785116667	0.000693877282380667	0.480368204289667
Clarence 13X	0.000299445193874	0.000143596011369667	0.0662922673404	0.000134830608251333	0.0876449337308	0.221994077360333	0.00231583460293	0.0260402841668993	0.000204737878735	0.111413250355433	0.114157784972333	0.117487459587333	0.000780181666215333	0.000155794882513533	0.000289573553131	0.004036723366253	0.246609224723
Clem Hill	0.00399388426560333	0.000428799307752667	0.00295614002327667	0.000944808871207333	9.92342304147e-05	0.00831582310691333	0.00372392977258667	0.0229674744857443	0.000887870118396	0.124737757395333	0.0187699357582667	0.000294752770046467	0.000972271513879	0.0002361256280935	0.531566466309667	0.00294164435415133	0.276163082089
Coenwulf of Mercia	0.01142817445135	0.0122538894370333	0.000369718309065333	7.68559787518e-05	0.000283270299632333	0.000116128349486633	0.00155437476848	0.00138342356174333	0.000212551030777333	0.00385966625986	0.0043578807894	0.0921036567037333	0.443428927869	0.0004972134073565	0.000302863934446667	0.011751391753556	0.416020013096333
Colin Hannah	0.0201667501111333	0.00117699229911333	0.0497120979964333	0.032127348991098	0.00509794739145433	0.00551663208010667	0.000752468389659667	0.00887408770856333	0.00386536010193333	0.0368174872581	0.163303818533667	0.000197292293922333	0.0243599366470667	0.000746666981473133	0.00152724343419667	0.375277364086	0.270480505696
Colley Cibber	0.003835837228556	0.0171761582395667	0.000515581382685	3.61008253563667e-05	0.011023363059466	0.00452227680301733	0.168655694985333	0.169698610229	0.00263492417181	0.0546372762728	0.00908415673899067	0.0014240369335	0.0488339975718	0.007337289825859	0.0221660515703333	0.000520637928523333	0.477898006233
Cosima Wagner	0.00842090884313	0.000430593935296667	0.00836512245465333	6.27394269647333e-05	0.0408101386399	0.000480827396881	0.02870377555013	0.013275085524	0.123214256120667	0.181515877630667	0.0291686285543	0.023232002232	0.0833111101137333	0.000171678412958133	0.000243820212292	0.000112167771345167	0.458481267180667
Cosmo Gordon Lang	0.000565360784664	0.00728454368381667	0.0614657788560333	0.000132490845575	0.0193820475172	0.00198873591397133	0.0163603472781	0.007758648752916	0.000313521526947667	0.0466741833568	0.169587879726333	0.174473545367	0.0478021330423333	0.0003073618203566	0.00205456018532	0.0013800220977	0.442468839245
Cynna Kydd	0.000187243692623	0.00535433995714333	0.0200585090024667	0.000145527143187333	0.000456098094488667	0.000400224273464333	0.000367469284350333	0.00586248405198	0.00105706645532033	0.0589517630259	0.0133488325529333	0.000139425372986467	0.000617568060778333	0.000393577591771867	0.687750673223333	0.000258091109645	0.204651107107333
Daisy Jugadai Napaltjarri	0.405178792799	0.00761769146039333	0.139539088736333	0.0143825741931157	0.0853677977632	0.000757449344137333	0.00394776520178	0.023494909481	0.000672491190272333	0.122651538673667	0.0212973051714567	0.00215487335873333	0.00926409278294	0.0142525608601603	0.00114651813353367	0.000685824981563333	0.147588725868667
Damageplan	0.000215839811882	0.00101167409333067	0.00228355138771333	0.000160971366187	0.00861113933993667	0.191311895358667	0.000705220125805333	0.07044290636595	0.444286717181667	0.00313110751568	0.000596314160865667	0.000314579476241	0.003610100112217	0.000709328844162667	0.000615077127185	0.0151601551318867	0.256833422600667
Danie Mellor	0.364329860124667	0.000257970160164667	0.134479765927333	0.0354472299853167	0.153910369577667	0.00383048925993	0.00872124756161	0.0873779642096667	0.000594120544623667	0.0129070989187667	0.00186231997445333	0.00208910897398867	0.000988349292423333	0.0178411537182403	0.00900185212370333	0.001053906898609	0.165307192749
Daniel Lambert	0.0408795437817333	0.0143359015384667	0.000348940466152333	0.01446338605702	0.0001213609804449	0.0290725703468	0.0118376986192	0.0623754780458367	0.000812159730981	0.278031695694667	0.000836587916573667	0.000439305842891333	0.00295014942801	0.0316715031563	0.0167845839078667	0.000467241160814967	0.494571893326
Daniel Sedin	0.000205593592645	0.00356892217450667	0.0110344805840033	0.000211629109105333	0.00228560910172267	0.000185144497605667	0.00023812546163	0.0176261543658333	0.00173217354950267	0.0103711381170367	0.000177311697409233	8.14488159204e-05	0.000297931864827333	0.00619265638559667	0.905646969797667	0.000395226664930333	0.03974948422
David Evans (RAAF officer)	0.000205432756186333	0.0211162611345667	0.0919661575547	0.072841046849322	0.0239715219118333	0.000322183508277333	0.00188059972055533	0.00197830677172	0.000773241457265667	0.0292926334763	0.0988362550890333	0.000560671514096	0.001289659410247	0.0337580296939833	0.00511352737682	0.406142605864667	0.20995186591
David Lewis (politician)	0.0003707438064122	0.00915476317874	0.0249365576255	0.000191367522360067	0.0371081454275	0.00170584251112933	0.0113055790943533	0.01413504983525	0.000413788122787333	0.0826243853807333	0.521021026205667	0.00184427940396583	0.00950214092397333	0.000165506956401867	0.0104964185761	0.00782789696616	0.267196508463
Debora Green	7.16405510915333e-05	0.00454565692054667	0.00868234445088333	0.0006855771290426	0.0132857273365	0.332107107375	0.000342292793027	0.0704043081817	0.000290556218888333	0.220604257899333	0.000376165289049	3.37479667469667e-05	0.000160187485912433	0.0523356245392667	0.00989003996810334	0.00629658573398667	0.279888180161
Derek Jeter	0.00128130743926	0.00860644708979667	0.0194798338342333	9.63574315707667e-05	0.00865390383352667	0.0003938218236013	0.000357701189585333	0.0738652508994333	0.000158857936979667	0.00510552162921667	0.00994492641807667	2.82937621555e-05	0.000432658118164	0.001321345486597	0.751656262302333	0.000306359104908333	0.118311151700567
Doc Adams	0.000129989568683533	0.0230904063663	0.0913060592294	9.91930267463667e-05	0.000855238214053333	0.000294480640434	0.00228700389168733	0.005117570927697	0.000375176504915	0.0448778792217667	0.156157553474667	0.000191220603888967	0.001033383440517	0.0218182425953633	0.436010184868667	0.000188896921622	0.216167520503667
Dominik Hašek	0.000128582248923433	0.000158615836010667	0.0142953487429667	0.000254240038711333	0.000263437396345667	0.0368092299319333	0.00325732253569	0.0489300568124667	0.00115879669357067	0.00166501859789333	0.000582215431275333	0.0001046349239492	0.00197475699170667	0.000193533499676667	0.765912393544	0.00102410359656133	0.123287713178
Don Dunstan	0.0175009667217333	0.0629659717615	0.0203880672535333	0.00562915146481333	0.0181018503815333	0.0370743196638667	0.000986638677357667	0.0346964878156	0.000344670700591	0.068883288588	0.427597669775333	0.000503485341770067	0.002125213656992	0.00497571367242633	0.00136069887829733	0.0005272891127017	0.296338516534
Don Tallon	0.00113153656065633	0.000487185642724333	0.000594209271993667	0.00456347456265667	0.000110978672388367	0.001009625035879	0.000423087903129667	0.0216617706922	0.00323335283465333	0.0916118040206333	0.0131358473604333	4.98888648156333e-05	0.000240245802136333	0.00636755306813537	0.610191416070333	0.0186309061330933	0.226557117504
Donald Bradman	0.000223004851194433	0.0120413496163	0.00486463462457	0.00185620475654987	0.00872824044165	0.00143492285549667	0.0115582434144333	0.0427468459169333	0.00350250521574667	0.143870452782	0.0263087242489	0.000246046346588	0.000483834677859	0.003381406436897	0.403012249451333	0.00674661371671667	0.328994720646333
Donald Bradman with the Australian cricket team in England in 1948	0.000119730016549033	0.000238460276620667	0.000191306641434	0.007886678653934	0.00384416715418	0.000755093872580333	0.000162407738609433	0.0438205919296933	0.003592771626524	0.0617454581456667	0.001771854959641	5.89532080468e-05	0.00273490598116973	0.001397998619946	0.504443020022333	0.0259968019769333	0.341239799176333
Donnchadh, Earl of Carrick	0.000368384043596	0.00104659752700367	0.00615185673397	0.012046322071198	0.00889495046599333	0.000723279138578333	0.00464980400574333	0.000615785824122	0.00162062638806333	0.00564871598793	0.00543240453699	0.0307264769410667	0.461013631696333	0.000595389174639333	0.00128058023665	0.0288153109451247	0.430369884283
Doug Ring with the Australian cricket team in England in 1948	0.000191312995784233	0.00230846282963333	0.000456870354609333	0.000232887598562	0.000181467727964333	0.000184908712742667	0.000169106758196	0.02668915808954	0.0204728432832333	0.0922317320571334	0.00335809683562	6.8698991563e-05	0.0007448862802796	0.000185628269580567	0.607964406294	0.00442423414644667	0.240135298775
Douglas Jardine	8.73872442368e-05	8.42210120227e-05	0.00447729220669533	4.83316468303667e-05	0.00978730695328	0.00125935276062467	0.00764828173433667	0.02697818990019	0.00155344062416967	0.104909339545667	0.00755882480245333	0.000138372548121267	0.00161862381947333	5.72768805838333e-05	0.389673835715333	0.01407714113879	0.430042781467333
Du Fu	0.0112729721385867	0.00218726641971	0.00127680138749267	0.000118059901696267	0.0722733369557	0.000363813483124333	0.283081864648667	0.00155962679060233	0.00181183796693333	0.085564902574	0.021348402855	0.0001147185674257	0.0658064878906333	0.000233442173260333	0.000172861914237333	0.0113964041989993	0.441417200134333
Dudley Clarke	0.000476286163049	0.0155553294442333	0.0695355390656667	0.0117696782542609	0.0172145460656433	0.0599036277484333	0.0486513390603667	0.0265326813233667	0.000275425645708667	0.0304161322238333	0.0140864168676807	0.000157796312752933	0.000312572668818333	0.0043043783124168	0.00131194899325033	0.325582755013333	0.373913546837
E. Urner Goodman	0.000984667946834667	0.0252034099647667	0.347446775133667	0.00281693416560433	0.00168890902292967	0.00167529252443633	0.03168261719448	0.0456447194473667	0.0279933134818333	0.101643881212167	0.0815141814097333	0.0668659631353333	0.0003689223875737	0.000622707185590333	0.000958146972485	0.0557237459506333	0.207165812864667
Eadbald of Kent	0.000492188532541667	0.00697027709424	0.000670350182704	0.00303979695271123	0.000525822226878	0.000445215148025667	0.002648570033992	0.00171720474371333	0.000312692394473667	0.00197073057150667	0.00293358180773967	0.13323948021	0.285816945855333	0.0004797319072612	0.000309269842075667	0.000223006588096133	0.558205135909
Eardwulf of Northumbria	0.00722205669731667	0.000290593928196	0.000721511663186667	0.000270873452834333	0.00350417525573333	0.00158491695077167	0.000461202575844333	0.000645944302346	0.000194342840306333	0.00141759750507633	0.00129492488222667	0.0594064063704667	0.439992764461	0.00128992933063633	0.000621998392552333	0.0133887063424463	0.467692055049333
Early life and military career of John McCain	9.66167801541e-05	0.003332034818613	0.0389261834607333	0.0492658219058088	0.00939150062385333	0.0439770209929667	0.000338227399128	0.0592266740243667	0.00136425842641667	0.159212303413667	0.0392993173358	9.18871168164e-05	0.00412200923074333	0.0108615158072223	0.0287677530891667	0.240273913177667	0.311452962397333
Early life of Joseph Smith	0.01700292076232	0.003019931815	0.000709701865306667	0.0519021148246567	0.00126791597105433	0.0571232120514333	0.00248780602065667	0.0321250740874473	0.000198304854367	0.209679806007	0.000829552242454	0.114876281789	0.00207689738242667	0.0135124833211933	0.00152282237216133	0.000155165158509733	0.491510009475
Early life of Keith Miller	0.00150583638708467	0.00318430625549	0.0646956742716333	0.000939419158502067	0.00206560689071667	0.00156465057575	0.001540937028778	0.0102125981308253	0.00593778796878667	0.161627793822333	0.00829619333612333	4.33403669949667e-05	0.00590000119272667	0.00460108654598567	0.479622249030333	0.0174506217568667	0.230811897280667
Early life of Samuel Johnson	0.000382567324925	0.002970837280575	0.0590175452450333	4.87445763140667e-05	0.00253063045377	0.00264820481709333	0.187695967816667	0.0113118683671103	0.000229206903468667	0.321460547717667	0.00225603555817433	0.00162721216490333	0.00294684161968333	9.16781692970667e-05	0.000321398451008667	0.000155928285193767	0.404304785249
Ed Stelmach	0.000395557527481	0.125469902934333	0.0106615073818033	0.000387163273763667	0.00710788647062	0.0413513381045	0.000732468595085333	0.0358524971977733	0.000486683238673667	0.0257000636064667	0.494306332518333	7.14268434981e-05	0.00492784846038667	0.02699592970781	0.01025143145005	0.000266205848544633	0.215035756840667
Edgar Towner	0.000684088286114	0.0138046335827333	0.0597643116754	0.0885479901060333	0.000217308561827	0.001817407873126	0.0116986225144033	0.00680091545900333	0.000384246211018667	0.127892996146333	0.00120528507395933	0.000458306944998	0.00259988711558	0.00294927493147267	0.000630969741457333	0.568095223603667	0.1124485321725
Edmund Evans	0.459138304712333	0.0554787585106	0.000419720316031	0.000167610715996667	0.000150872063130667	0.000149814221983	0.202255971648	0.00279515904393533	0.000177166995566333	0.0648504546654	0.0001569456433954	4.06308771622333e-05	0.000406553015907667	0.0340226385890233	0.00670631459459333	9.70051313201e-05	0.172986079255667
Edmund Herring	0.000485845647791	0.000239826268581	0.0688487102552667	0.0497106057665533	0.000322605020409667	0.0405117022704	0.000336951734474	0.00546836809144	0.00149516095048	0.0783883433798333	0.0770991694406	0.0182463849293	0.00424486073231333	0.00369124595208667	0.000489007324337333	0.418441928435	0.231979283801333
Edmund Sharpe	0.264576470847667	0.0858216908195	0.0763283369694667	0.0618380103573667	0.00120928998912167	0.0002561697134443	0.0173125241627033	0.000527937200218	0.0158204939113	0.113533832925333	0.0421957064945667	0.0489608461900333	0.000419345814597133	0.0468535418918933	0.000652100311744	0.00107506114753767	0.222618641253333
