#article_name 	topic_name1,topic_prop1	topic_name2,topic_prop2...
Aaron_Sorkin	film/tv,0.4341317365269461	sports,0.11976047904191617	music,0.11077844311377245	politics,0.09281437125748503	literature,0.0658682634730539	art,0.04790419161676647	military,0.04491017964071856	orchestra,0.041916167664670656	royalty,0.023952095808383235	royalty/religion,0.017964071856287425
Abbas_Kiarostami	film/tv,0.34913793103448276	literature,0.31654094827586204	military,0.15247844827586207	art,0.10264008620689655	music,0.03178879310344827	sports,0.01912715517241379	orchestra,0.013200431034482759	politics,0.005926724137931034	royalty,0.005387931034482759	royalty/religion,0.003771551724137931
AC_DC	music,0.7539936102236422	literature,0.08146964856230032	military,0.0516506922257721	sports,0.023429179978700747	film/tv,0.0231629392971246	art,0.01863684771033014	royalty,0.016240681576144837	orchestra,0.012513312034078808	politics,0.011714589989350373	royalty/religion,0.00718849840255591
Adam_Gilchrist	sports,0.7623762376237624	music,0.052805280528052806	film/tv,0.0297029702970297	orchestra,0.0297029702970297	royalty,0.0297029702970297	art,0.0231023102310231	literature,0.019801980198019802	military,0.019801980198019802	royalty/religion,0.0165016501650165	politics,0.0165016501650165
Adolfo_Farsari	art,0.513978494623656	literature,0.22508960573476702	military,0.12616487455197134	politics,0.04659498207885305	music,0.02795698924731183	sports,0.015770609318996417	film/tv,0.012186379928315413	royalty/religion,0.011469534050179211	orchestra,0.011469534050179211	royalty,0.00931899641577061
Adrian_Boult	orchestra,0.3383458646616541	literature,0.13533834586466165	politics,0.09022556390977443	art,0.08270676691729323	military,0.08270676691729323	royalty,0.07518796992481203	royalty/religion,0.05263157894736842	sports,0.05263157894736842	film/tv,0.045112781954887216	music,0.045112781954887216
Ahmôsis_Ier	royalty/religion,0.49901224812327144	military,0.2374555511655472	literature,0.10904780719083366	art,0.053338601343342555	royalty,0.040300276570525484	sports,0.018569735282497037	orchestra,0.01619913077834848	music,0.010272619517977083	politics,0.008297115764519953	film/tv,0.0075069142631371
Alain_Prost	film/tv,0.39201183431952663	sports,0.28353057199211046	military,0.1873767258382643	literature,0.042899408284023666	royalty,0.023175542406311637	politics,0.02021696252465483	art,0.01873767258382643	music,0.01725838264299803	orchestra,0.007889546351084813	royalty/religion,0.006903353057199211
Albert_Chandler	politics,0.40836653386454186	sports,0.19721115537848605	military,0.14807436918990705	literature,0.11155378486055777	film/tv,0.05976095617529881	music,0.024568393094289508	art,0.01593625498007968	orchestra,0.014608233731739707	royalty,0.013280212483399735	royalty/religion,0.006640106241699867
Albert_de_Saxe-Cobourg-Gotha	royalty,0.5099818511796733	military,0.15245009074410162	literature,0.0780399274047187	art,0.07441016333938294	politics,0.06170598911070781	sports,0.032667876588021776	film/tv,0.02722323049001815	orchestra,0.025408348457350273	music,0.021778584392014518	royalty/religion,0.016333938294010888
Albert_Kesselring	politics,0.4963283750706082	military,0.3594426661645641	art,0.06590096027113537	literature,0.031820749388062515	royalty,0.014309922801732254	orchestra,0.009790999811711542	royalty/religion,0.009602711353794013	sports,0.005648653737525889	music,0.003765769158350593	film/tv,0.0033891922425155338
Albert_Speer_(père)	art,0.3199273482096523	military,0.31940840685002597	literature,0.15568240788790866	politics,0.14634146341463414	royalty,0.01816294758692268	sports,0.01660612350804359	film/tv,0.010897768552153606	orchestra,0.005189413596263622	royalty/religion,0.0044110015568240785	music,0.0033731188375713543
Albert_Victor_de_Galles	royalty,0.5780075187969925	literature,0.1156015037593985	military,0.1099624060150376	politics,0.06766917293233082	film/tv,0.03477443609022556	art,0.02913533834586466	royalty/religion,0.022556390977443608	orchestra,0.015037593984962405	music,0.015037593984962405	sports,0.012218045112781954
Alboïn	royalty/religion,0.3639344262295082	military,0.23934426229508196	royalty,0.09836065573770492	literature,0.06885245901639345	art,0.05573770491803279	politics,0.04918032786885246	sports,0.036065573770491806	orchestra,0.036065573770491806	film/tv,0.02622950819672131	music,0.02622950819672131
Alcibiade	literature,0.33695652173913043	military,0.14130434782608695	royalty,0.125	royalty/religion,0.08152173913043478	orchestra,0.07608695652173914	film/tv,0.06521739130434782	sports,0.04891304347826087	art,0.04891304347826087	music,0.04891304347826087	politics,0.02717391304347826
Aldfrith_de_Northumbrie	royalty/religion,0.6552567237163814	literature,0.13753056234718827	military,0.11735941320293398	royalty,0.02689486552567237	art,0.020171149144254278	politics,0.01589242053789731	music,0.009779951100244499	sports,0.007334963325183374	film/tv,0.005501222493887531	orchestra,0.004278728606356968
Aldred	royalty/religion,0.4563106796116505	royalty,0.07766990291262135	film/tv,0.06796116504854369	sports,0.05825242718446602	literature,0.05825242718446602	orchestra,0.05825242718446602	politics,0.05825242718446602	military,0.05825242718446602	music,0.05825242718446602	art,0.04854368932038835
Alexander_Cameron_Rutherford	politics,0.1875	sports,0.125	royalty,0.109375	art,0.09375	music,0.09375	royalty/religion,0.078125	film/tv,0.078125	literature,0.078125	orchestra,0.078125	military,0.078125
Alexandra_de_Danemark	royalty,0.6759628154050464	military,0.12084993359893759	literature,0.07835325365205843	music,0.02656042496679947	film/tv,0.021248339973439574	politics,0.0199203187250996	royalty/religion,0.017264276228419653	sports,0.01593625498007968	orchestra,0.01593625498007968	art,0.00796812749003984
Alexandre_Banza	military,0.4476058292852186	politics,0.37404580152671757	literature,0.05968077723802915	royalty,0.033310201249132546	art,0.025676613462873005	film/tv,0.018043025676613464	royalty/religion,0.013879250520471894	music,0.010409437890353921	orchestra,0.009021512838306732	sports,0.008327550312283136
Alexandre_de_Lincoln	royalty/religion,0.6264501160092807	military,0.1848414539829853	literature,0.065738592420727	royalty,0.054137664346481054	politics,0.016241299303944315	sports,0.01160092807424594	film/tv,0.01082753286929621	music,0.01082753286929621	art,0.010054137664346482	orchestra,0.009280742459396751
Alexis_Bachelot	politics,0.3314285714285714	military,0.22476190476190477	royalty,0.1295238095238095	royalty/religion,0.12571428571428572	orchestra,0.054285714285714284	literature,0.05238095238095238	music,0.024761904761904763	art,0.02095238095238095	film/tv,0.01904761904761905	sports,0.017142857142857144
Alfred_Russel_Wallace	literature,0.42655164150491254	art,0.2686316798466331	military,0.15216870357057272	politics,0.04145698538221903	orchestra,0.03834172058471124	royalty,0.018691588785046728	sports,0.017972681524083392	film/tv,0.013898873711957823	royalty/religion,0.011981787682722261	music,0.010304337407141146
Alice_Ayres	literature,0.4114339268978444	military,0.2408622305529522	art,0.07872539831302718	royalty,0.07497656982193064	politics,0.05998125585754452	music,0.041237113402061855	orchestra,0.02999062792877226	film/tv,0.029053420805998126	royalty/religion,0.01874414245548266	sports,0.01499531396438613
Alice_de_Battenberg	royalty,0.5256042605489554	military,0.2548136009832036	literature,0.10651372388365424	art,0.031954117165096274	politics,0.026218762802130275	orchestra,0.020483408439164276	royalty/religion,0.01188037689471528	sports,0.0077836952068824255	film/tv,0.007374027038099139	music,0.007374027038099139
Alice_in_Chains	music,0.6962391513982642	military,0.10414657666345227	literature,0.058823529411764705	film/tv,0.055930568948891035	orchestra,0.02700096432015429	sports,0.01832208293153327	art,0.013500482160077145	politics,0.010607521697203472	royalty/religion,0.009643201542912247	royalty,0.0057859209257473485
Alphège_de_Cantorbéry	royalty/religion,0.5439560439560439	military,0.2032967032967033	literature,0.11172161172161173	orchestra,0.03296703296703297	politics,0.031135531135531136	sports,0.020146520146520148	film/tv,0.016483516483516484	art,0.014652014652014652	royalty,0.01282051282051282	music,0.01282051282051282
Ambrose_Rookwood	royalty,0.22857142857142856	royalty/religion,0.12857142857142856	film/tv,0.1	literature,0.08571428571428572	politics,0.08571428571428572	music,0.08571428571428572	sports,0.07142857142857142	art,0.07142857142857142	orchestra,0.07142857142857142	military,0.07142857142857142
Anastasia_Nikolaïevna_de_Russie	royalty,0.4153522607781283	literature,0.17350157728706625	military,0.16824395373291273	art,0.06729758149316509	orchestra,0.050473186119873815	politics,0.03470031545741325	sports,0.026288117770767613	royalty/religion,0.025236593059936908	film/tv,0.025236593059936908	music,0.013669821240799159
Andrew_Cunningham	military,0.3179190751445087	orchestra,0.1329479768786127	film/tv,0.10404624277456648	art,0.09826589595375723	politics,0.09248554913294797	royalty,0.06936416184971098	literature,0.06358381502890173	royalty/religion,0.04046242774566474	sports,0.04046242774566474	music,0.04046242774566474
André_Kertész	art,0.4229607250755287	literature,0.21148036253776434	film/tv,0.0755287009063444	military,0.07250755287009064	orchestra,0.054380664652567974	sports,0.03625377643504532	royalty,0.03625377643504532	politics,0.03323262839879154	music,0.03323262839879154	royalty/religion,0.02416918429003021
Angus_Lewis_Macdonald	military,0.12857142857142856	royalty/religion,0.11428571428571428	film/tv,0.11428571428571428	orchestra,0.11428571428571428	politics,0.11428571428571428	royalty,0.1	sports,0.08571428571428572	music,0.08571428571428572	art,0.07142857142857142	literature,0.07142857142857142
Ann_Bannon	film/tv,0.1643835616438356	art,0.1506849315068493	politics,0.1095890410958904	royalty/religion,0.0958904109589041	orchestra,0.0958904109589041	music,0.0958904109589041	royalty,0.0821917808219178	sports,0.0684931506849315	literature,0.0684931506849315	military,0.0684931506849315
Anna_d'Est-Anglie	royalty/religion,0.6791720569210866	military,0.16170763260025872	literature,0.040103492884864166	royalty,0.03880983182406209	orchestra,0.015523932729624839	politics,0.014230271668822769	film/tv,0.0129366106080207	sports,0.0129366106080207	art,0.0129366106080207	music,0.01164294954721863
Anna_Laetitia_Barbauld	literature,0.75659924580048	military,0.10215975317106617	film/tv,0.027082619129242372	politics,0.023311621528968117	royalty,0.022625985601645526	orchestra,0.020226259856016456	art,0.01816935207404868	music,0.017140898183064794	sports,0.008913267055193692	royalty/religion,0.0037709976002742542
Anna_May_Wong	film/tv,0.48444444444444446	music,0.14074074074074075	art,0.11555555555555555	politics,0.054814814814814816	literature,0.04296296296296296	royalty/religion,0.04148148148148148	military,0.04	orchestra,0.03111111111111111	royalty,0.03111111111111111	sports,0.017777777777777778
Anne_de_Danemark	royalty,0.4888888888888889	military,0.1	royalty/religion,0.07222222222222222	orchestra,0.06666666666666667	film/tv,0.05555555555555555	music,0.05555555555555555	literature,0.05	art,0.044444444444444446	sports,0.03333333333333333	politics,0.03333333333333333
Anton_Tchekhov	art,0.387531328320802	literature,0.3298872180451128	military,0.16979949874686717	orchestra,0.03869047619047619	film/tv,0.028352130325814535	royalty,0.013784461152882205	politics,0.011434837092731829	music,0.008145363408521303	sports,0.006265664160401002	royalty/religion,0.006109022556390977
Archie_Jackson	sports,0.6323787258912916	literature,0.1256575102279369	military,0.11455289304500292	politics,0.024547048509643482	music,0.023378141437755698	orchestra,0.02162478082992402	art,0.017533606078316773	royalty,0.01636469900642899	film/tv,0.012273524254821741	royalty/religion,0.011689070718877849
Art_Houtteman	sports,0.2054794520547945	politics,0.1643835616438356	film/tv,0.1095890410958904	orchestra,0.0958904109589041	royalty/religion,0.0821917808219178	art,0.0684931506849315	literature,0.0684931506849315	royalty,0.0684931506849315	military,0.0684931506849315	music,0.0684931506849315
Art_Ross	sports,0.7551020408163265	military,0.05194805194805195	politics,0.05009276437847866	orchestra,0.03339517625231911	royalty,0.029684601113172542	literature,0.025974025974025976	film/tv,0.01855287569573284	art,0.014842300556586271	royalty/religion,0.011131725417439703	music,0.00927643784786642
Arthur_Ernest_Percival	politics,0.4612868047982552	military,0.2857142857142857	literature,0.07633587786259542	sports,0.03380588876772083	orchestra,0.028898582333696837	art,0.027262813522355506	royalty,0.024536532170119956	film/tv,0.023446019629225736	royalty/religion,0.021264994547437296	music,0.017448200654307525
Arthur_Lewis_Sifton	politics,0.14285714285714285	orchestra,0.1111111111111111	royalty,0.1111111111111111	film/tv,0.09523809523809523	sports,0.09523809523809523	art,0.09523809523809523	literature,0.09523809523809523	music,0.09523809523809523	royalty/religion,0.07936507936507936	military,0.07936507936507936
Arthur_Morris	sports,0.42342342342342343	politics,0.08108108108108109	literature,0.07207207207207207	music,0.07207207207207207	film/tv,0.06306306306306306	orchestra,0.06306306306306306	royalty,0.06306306306306306	royalty/religion,0.05405405405405406	art,0.05405405405405406	military,0.05405405405405406
Aspasie	literature,0.4596888260254597	military,0.32107496463932106	royalty,0.05091937765205092	royalty/religion,0.033946251768033946	film/tv,0.028288543140028287	politics,0.026874115983026876	art,0.02545968882602546	sports,0.024045261669024046	music,0.018387553041018388	orchestra,0.011315417256011316
Assassinat_de_William_McKinley	politics,0.40059880239520956	military,0.3143712574850299	literature,0.15868263473053892	art,0.033532934131736525	sports,0.01976047904191617	music,0.017365269461077845	royalty/religion,0.015568862275449102	royalty,0.014970059880239521	film/tv,0.013772455089820359	orchestra,0.011377245508982036
Attale_Ier	military,0.2582278481012658	royalty,0.25063291139240507	royalty/religion,0.1468354430379747	literature,0.11645569620253164	sports,0.05822784810126582	art,0.04810126582278481	orchestra,0.04050632911392405	politics,0.0379746835443038	music,0.02278481012658228	film/tv,0.020253164556962026
Audioslave	music,0.655688622754491	sports,0.07784431137724551	film/tv,0.04790419161676647	military,0.04491017964071856	politics,0.041916167664670656	orchestra,0.03293413173652695	literature,0.02694610778443114	royalty/religion,0.023952095808383235	art,0.023952095808383235	royalty,0.023952095808383235
Augustin_de_Cantorbéry	royalty/religion,0.5711206896551724	military,0.10775862068965517	literature,0.10129310344827586	orchestra,0.04525862068965517	art,0.03879310344827586	music,0.03879310344827586	royalty,0.034482758620689655	politics,0.023706896551724137	film/tv,0.01939655172413793	sports,0.01939655172413793
Austin_Nichols_(acteur)	film/tv,0.4375	sports,0.11029411764705882	music,0.11029411764705882	politics,0.09191176470588236	literature,0.0625	art,0.04779411764705882	orchestra,0.04044117647058824	royalty,0.04044117647058824	royalty/religion,0.029411764705882353	military,0.029411764705882353
Ayumi_Hamasaki	music,0.5918367346938775	military,0.10657596371882086	literature,0.09599395313681028	film/tv,0.07256235827664399	sports,0.034013605442176874	art,0.02947845804988662	orchestra,0.02872260015117158	politics,0.019652305366591082	royalty/religion,0.011337868480725623	royalty,0.009826152683295541
Áedan_de_Dalriada	royalty/religion,0.6427221172022685	military,0.10964083175803403	royalty,0.054820415879017016	literature,0.04725897920604915	politics,0.04158790170132325	sports,0.02835538752362949	orchestra,0.024574669187145556	music,0.024574669187145556	art,0.017013232514177693	film/tv,0.00945179584120983
Ban_Ki-moon	politics,0.4218487394957983	military,0.19831932773109243	literature,0.11764705882352941	art,0.06218487394957983	sports,0.04201680672268908	music,0.040336134453781515	royalty,0.03529411764705882	film/tv,0.03361344537815126	royalty/religion,0.031932773109243695	orchestra,0.01680672268907563
Bart_King	sports,0.2077922077922078	music,0.15584415584415584	politics,0.1038961038961039	royalty/religion,0.09090909090909091	film/tv,0.09090909090909091	literature,0.07792207792207792	military,0.07792207792207792	art,0.06493506493506493	orchestra,0.06493506493506493	royalty,0.06493506493506493
Barthélemy_Boganda	politics,0.42983682983682986	military,0.28694638694638697	literature,0.15571095571095572	royalty/religion,0.039627039627039624	royalty,0.02727272727272727	art,0.024475524475524476	orchestra,0.010256410256410256	music,0.010256410256410256	sports,0.00909090909090909	film/tv,0.006526806526806527
Basiliscus	military,0.6867749419953596	royalty/religion,0.13379737045630316	literature,0.058004640371229696	royalty,0.04640371229698376	orchestra,0.019334880123743233	sports,0.014694508894044857	art,0.013147718484145398	music,0.01082753286929621	film/tv,0.008507347254447023	politics,0.008507347254447023
Baudouin_de_Forde	royalty/religion,0.5099337748344371	literature,0.07947019867549669	film/tv,0.06622516556291391	sports,0.059602649006622516	art,0.059602649006622516	orchestra,0.052980132450331126	royalty,0.052980132450331126	military,0.046357615894039736	politics,0.039735099337748346	music,0.033112582781456956
Beatrice_du_Royaume-Uni	royalty,0.5584854631507775	literature,0.19810682893847195	military,0.1737660581473969	art,0.014874915483434753	royalty/religion,0.013184584178498986	orchestra,0.013184584178498986	film/tv,0.00980392156862745	sports,0.00777552400270453	politics,0.005409060175794456	music,0.005409060175794456
Bedřich_Smetana	orchestra,0.5749440715883669	literature,0.116331096196868	military,0.06935123042505593	royalty,0.0447427293064877	art,0.042505592841163314	music,0.03803131991051454	politics,0.03355704697986577	sports,0.03131991051454139	royalty/religion,0.026845637583892617	film/tv,0.02237136465324385
Ben_Paschal	sports,0.25	politics,0.15476190476190477	film/tv,0.09523809523809523	literature,0.08333333333333333	music,0.08333333333333333	art,0.07142857142857142	orchestra,0.07142857142857142	royalty,0.07142857142857142	royalty/religion,0.05952380952380952	military,0.05952380952380952
Benjamin_Harrison	politics,0.633423180592992	military,0.1765498652291105	literature,0.09400269541778976	sports,0.02998652291105121	royalty,0.01954177897574124	film/tv,0.015835579514824796	music,0.01179245283018868	orchestra,0.008086253369272238	art,0.007075471698113208	royalty/religion,0.003706199460916442
Benjamin_Morrell	orchestra,0.2876712328767123	literature,0.1963470319634703	military,0.1917808219178082	politics,0.0776255707762557	sports,0.0593607305936073	royalty/religion,0.0502283105022831	art,0.0410958904109589	royalty,0.0365296803652968	film/tv,0.0319634703196347	music,0.0273972602739726
Benjamin_Mountfort	music,0.14285714285714285	art,0.12987012987012986	orchestra,0.12987012987012986	royalty/religion,0.1038961038961039	royalty,0.09090909090909091	military,0.09090909090909091	film/tv,0.07792207792207792	sports,0.07792207792207792	literature,0.07792207792207792	politics,0.07792207792207792
Beorhtwulf_de_Mercie	royalty/religion,0.6809716599190283	military,0.16842105263157894	literature,0.05991902834008097	art,0.01700404858299595	sports,0.015384615384615385	music,0.014574898785425101	film/tv,0.013765182186234818	politics,0.012955465587044534	royalty,0.008906882591093117	orchestra,0.008097165991902834
Bernard_Fanning	music,0.1875	orchestra,0.125	sports,0.109375	literature,0.09375	politics,0.09375	royalty/religion,0.078125	film/tv,0.078125	art,0.078125	royalty,0.078125	military,0.078125
Bert_Trautmann	sports,0.48105576841209025	military,0.22860791826309068	politics,0.09663686675180928	literature,0.08727117922520221	art,0.024691358024691357	film/tv,0.021711366538952746	royalty,0.021285653469561516	royalty/religion,0.016177096636866752	orchestra,0.0140485312899106	music,0.008514261387824606
Bette_Davis	film/tv,0.5577009429726089	music,0.11899416255051638	literature,0.11540188594521779	military,0.06960035922766053	royalty,0.03637180062864841	politics,0.02918724741805119	sports,0.025594970812752582	orchestra,0.022002694207453974	art,0.01571621014818141	royalty/religion,0.009429726088908847
Big_Star	music,0.4607329842931937	orchestra,0.12041884816753927	film/tv,0.09947643979057591	literature,0.06282722513089005	military,0.05759162303664921	sports,0.05235602094240838	royalty,0.041884816753926704	politics,0.041884816753926704	art,0.03664921465968586	royalty/religion,0.02617801047120419
Bill_Brown_(cricket)	sports,0.22058823529411764	literature,0.11764705882352941	royalty,0.11764705882352941	film/tv,0.08823529411764706	music,0.08823529411764706	royalty/religion,0.07352941176470588	art,0.07352941176470588	orchestra,0.07352941176470588	politics,0.07352941176470588	military,0.07352941176470588
Bill_O'Reilly_(cricket)	sports,0.3394495412844037	music,0.1559633027522936	orchestra,0.08256880733944955	literature,0.07339449541284404	art,0.06422018348623854	royalty,0.06422018348623854	politics,0.06422018348623854	film/tv,0.05504587155963303	military,0.05504587155963303	royalty/religion,0.045871559633027525
Bill_Ponsford	sports,0.65	military,0.084	politics,0.054	literature,0.052	orchestra,0.046	film/tv,0.034	royalty,0.032	art,0.018	music,0.016	royalty/religion,0.014
Bill_Russell	sports,0.7112745098039216	military,0.11397058823529412	literature,0.10514705882352941	film/tv,0.020098039215686276	politics,0.01715686274509804	music,0.013970588235294118	royalty,0.008333333333333333	royalty/religion,0.005147058823529412	orchestra,0.003431372549019608	art,0.0014705882352941176
Bix_Beiderbecke	music,0.46577946768060835	orchestra,0.18631178707224336	literature,0.10076045627376426	film/tv,0.09125475285171103	military,0.039923954372623575	art,0.03231939163498099	sports,0.024714828897338403	royalty,0.024714828897338403	politics,0.019011406844106463	royalty/religion,0.015209125475285171
Bob_Dylan	music,0.4794952681388013	literature,0.24645110410094637	military,0.08931388012618297	film/tv,0.06979495268138801	art,0.035686119873817035	orchestra,0.03174290220820189	politics,0.018730283911671926	sports,0.013801261829652996	royalty,0.010449526813880125	royalty/religion,0.004534700315457414
Bob_Meusel	sports,0.5772357723577236	military,0.08826945412311266	film/tv,0.08710801393728224	politics,0.06968641114982578	music,0.05226480836236934	literature,0.0429732868757259	orchestra,0.030197444831591175	art,0.018583042973286876	royalty,0.017421602787456445	royalty/religion,0.016260162601626018
Bob_Windle	sports,0.7099748533109808	military,0.09136630343671416	literature,0.06454316848281642	politics,0.02933780385582565	music,0.028499580888516344	film/tv,0.026823134953897737	art,0.018440905280804692	orchestra,0.01760268231349539	royalty/religion,0.008382229673093043	royalty,0.005029337803855826
Bobby_Robson	sports,0.6494998147462023	military,0.1148573545757688	literature,0.10707669507224898	politics,0.026306039273805114	royalty,0.024453501296776585	music,0.0192663949610967	orchestra,0.017043349388662466	art,0.015190811411633939	film/tv,0.014820303816228233	royalty/religion,0.01148573545757688
Bradley_Joseph	music,0.39416058394160586	film/tv,0.1386861313868613	literature,0.08029197080291971	orchestra,0.08029197080291971	sports,0.06569343065693431	politics,0.058394160583941604	art,0.051094890510948905	military,0.051094890510948905	royalty,0.043795620437956206	royalty/religion,0.0364963503649635
Brian_Horrocks	politics,0.4725609756097561	royalty,0.17682926829268292	military,0.07926829268292683	orchestra,0.054878048780487805	film/tv,0.04878048780487805	sports,0.04573170731707317	music,0.039634146341463415	literature,0.03353658536585366	royalty/religion,0.03048780487804878	art,0.018292682926829267
Bronwyn_Bancroft	art,0.29846153846153844	literature,0.14153846153846153	politics,0.14153846153846153	royalty,0.1076923076923077	music,0.08923076923076922	sports,0.052307692307692305	orchestra,0.052307692307692305	film/tv,0.04923076923076923	military,0.04	royalty/religion,0.027692307692307693
Bruno_Maddox	literature,0.3385416666666667	military,0.11458333333333333	music,0.11458333333333333	art,0.109375	sports,0.078125	politics,0.0625	royalty,0.057291666666666664	film/tv,0.046875	orchestra,0.046875	royalty/religion,0.03125
Bryan_Gunn	sports,0.6210045662100456	royalty/religion,0.0776255707762557	royalty,0.0639269406392694	orchestra,0.045662100456621	literature,0.0410958904109589	politics,0.0410958904109589	art,0.0319634703196347	music,0.0319634703196347	film/tv,0.0228310502283105	military,0.0228310502283105
Calvin_Coolidge	politics,0.6144909813512687	military,0.17303576887801894	literature,0.1403240599205136	music,0.019565881993274227	film/tv,0.01620299602568022	art,0.009477224090492203	royalty,0.008865790278202385	sports,0.007337205747477835	royalty/religion,0.005502904310608377	orchestra,0.005197187404463467
Caroline_d'Ansbach	royalty,0.6028169014084507	military,0.176056338028169	literature,0.1460093896713615	art,0.01737089201877934	film/tv,0.013615023474178404	politics,0.009859154929577466	royalty/religion,0.00892018779342723	sports,0.00892018779342723	music,0.008450704225352112	orchestra,0.007981220657276996
Carrière_militaire_de_Hugo_Chávez	military,0.3689516129032258	politics,0.3467741935483871	literature,0.15053763440860216	sports,0.038306451612903226	art,0.030913978494623656	music,0.018145161290322582	royalty,0.01478494623655914	film/tv,0.012768817204301076	orchestra,0.012096774193548387	royalty/religion,0.006720430107526882
Carsten_Borchgrevink	orchestra,0.475140712945591	military,0.21200750469043153	literature,0.18433395872420263	politics,0.0473733583489681	royalty,0.021575984990619138	art,0.021106941838649154	sports,0.012195121951219513	music,0.010318949343339587	film/tv,0.009380863039399626	royalty/religion,0.006566604127579738
Caspar_David_Friedrich	art,0.35695764909248057	literature,0.3267070008643042	military,0.16248919619706137	royalty,0.04840103716508211	royalty/religion,0.03111495246326707	orchestra,0.03111495246326707	politics,0.01296456352636128	music,0.011235955056179775	film/tv,0.010371650821089023	sports,0.00864304235090752
Catherine_de_Médicis	royalty,0.4254473161033797	military,0.3487645555239989	literature,0.10650383413802897	royalty/religion,0.05964214711729622	art,0.0286850326611758	film/tv,0.008804316955410394	politics,0.007668276057938086	music,0.005680204487361545	orchestra,0.004544163589889236	sports,0.0042601533655211585
Ceawlin	royalty/religion,0.5884057971014492	military,0.15072463768115943	literature,0.057971014492753624	art,0.04927536231884058	sports,0.04057971014492753	royalty,0.03188405797101449	politics,0.02608695652173913	orchestra,0.020289855072463767	film/tv,0.017391304347826087	music,0.017391304347826087
Cenred_de_Mercie	royalty/religion,0.722007722007722	military,0.1287001287001287	literature,0.06177606177606178	royalty,0.019305019305019305	music,0.019305019305019305	orchestra,0.011583011583011582	art,0.010296010296010296	politics,0.010296010296010296	sports,0.009009009009009009	film/tv,0.007722007722007722
Charles_Atangana	military,0.13846153846153847	royalty/religion,0.12307692307692308	art,0.1076923076923077	literature,0.1076923076923077	politics,0.1076923076923077	royalty,0.09230769230769231	music,0.09230769230769231	film/tv,0.07692307692307693	sports,0.07692307692307693	orchestra,0.07692307692307693
Charles_Carroll_le_Colon	politics,0.26595744680851063	royalty,0.19148936170212766	literature,0.18085106382978725	royalty/religion,0.0851063829787234	military,0.0797872340425532	sports,0.05319148936170213	music,0.0425531914893617	orchestra,0.03723404255319149	film/tv,0.031914893617021274	art,0.031914893617021274
Charles_Holden	art,0.2585034013605442	politics,0.17687074829931973	literature,0.11564625850340136	music,0.08843537414965986	military,0.08163265306122448	film/tv,0.07482993197278912	sports,0.061224489795918366	royalty,0.061224489795918366	royalty/religion,0.04081632653061224	orchestra,0.04081632653061224
Charles_II_d'Angleterre	royalty,0.5126541207008436	military,0.26508760545100585	literature,0.08176508760545101	royalty/religion,0.048020765736534715	film/tv,0.025957170668397145	politics,0.02109020116807268	music,0.020765736534717714	orchestra,0.009409474367293965	sports,0.009085009733939001	art,0.006164828033744322
Charles_Stewart	royalty,0.16129032258064516	sports,0.11290322580645161	film/tv,0.0967741935483871	art,0.0967741935483871	literature,0.0967741935483871	military,0.0967741935483871	music,0.0967741935483871	royalty/religion,0.08064516129032258	orchestra,0.08064516129032258	politics,0.08064516129032258
Charles_Villiers_Stanford	orchestra,0.564625850340136	royalty,0.08390022675736962	literature,0.07482993197278912	film/tv,0.06349206349206349	music,0.05668934240362812	art,0.05215419501133787	politics,0.031746031746031744	sports,0.02947845804988662	military,0.022675736961451247	royalty/religion,0.02040816326530612
Charlie_Macartney	sports,0.375	orchestra,0.08333333333333333	royalty,0.08333333333333333	music,0.08333333333333333	film/tv,0.07291666666666667	politics,0.07291666666666667	literature,0.0625	military,0.0625	royalty/religion,0.052083333333333336	art,0.052083333333333336
Charlotte_Augusta_de_Galles	royalty,0.4171073094867807	literature,0.2432348367029549	military,0.21835147744945568	music,0.0594090202177294	film/tv,0.0223950233281493	orchestra,0.012130637636080872	sports,0.008398133748055987	politics,0.007776049766718507	royalty/religion,0.006531881804043546	art,0.004665629860031105
Chester_Alan_Arthur	politics,0.6661456007146047	military,0.16257257704332292	literature,0.10853059401518535	film/tv,0.018088432335864227	royalty,0.01563197856185797	sports,0.00982581509602501	royalty/religion,0.005806163465832961	music,0.005359535506922733	orchestra,0.004912907548012505	art,0.0031263957123715946
Chinua_Achebe	literature,0.3023255813953488	film/tv,0.19069767441860466	military,0.16511627906976745	politics,0.08604651162790698	music,0.07441860465116279	art,0.05813953488372093	royalty,0.037209302325581395	sports,0.03488372093023256	royalty/religion,0.02558139534883721	orchestra,0.02558139534883721
Choe_Bu	art,0.25949367088607594	military,0.16455696202531644	literature,0.15822784810126583	royalty/religion,0.10126582278481013	politics,0.08860759493670886	music,0.056962025316455694	orchestra,0.05063291139240506	royalty,0.05063291139240506	sports,0.0379746835443038	film/tv,0.03164556962025317
Chrisye	music,0.189873417721519	art,0.11392405063291139	orchestra,0.10126582278481013	politics,0.10126582278481013	royalty/religion,0.08860759493670886	sports,0.08860759493670886	literature,0.08860759493670886	military,0.08860759493670886	royalty,0.0759493670886076	film/tv,0.06329113924050633
Cillian_Murphy	film/tv,0.5652777777777778	music,0.18333333333333332	literature,0.05277777777777778	orchestra,0.03888888888888889	royalty,0.0375	sports,0.03611111111111111	politics,0.030555555555555555	royalty/religion,0.019444444444444445	art,0.018055555555555554	military,0.018055555555555554
Clarence_Decatur_Howe	politics,0.40703517587939697	sports,0.11055276381909548	military,0.08542713567839195	orchestra,0.08040201005025126	art,0.07035175879396985	royalty,0.06532663316582915	music,0.05527638190954774	film/tv,0.04522613065326633	royalty/religion,0.04020100502512563	literature,0.04020100502512563
Clem_Hill	sports,0.3939393939393939	film/tv,0.09090909090909091	orchestra,0.09090909090909091	literature,0.0707070707070707	politics,0.0707070707070707	music,0.0707070707070707	royalty,0.06060606060606061	royalty/religion,0.050505050505050504	art,0.050505050505050504	military,0.050505050505050504
Clements_Markham	orchestra,0.3808139534883721	literature,0.12209302325581395	politics,0.09883720930232558	film/tv,0.08430232558139535	military,0.08430232558139535	music,0.07267441860465117	royalty,0.055232558139534885	royalty/religion,0.0436046511627907	art,0.03488372093023256	sports,0.023255813953488372
CM_Punk	sports,0.6798365122615804	music,0.12193460490463215	military,0.07901907356948229	literature,0.055404178019981834	film/tv,0.03496821071752952	politics,0.01067211625794732	art,0.007720254314259764	royalty,0.00522252497729337	royalty/religion,0.003178928247048138	orchestra,0.0020435967302452314
Coenwulf_de_Mercie	royalty/religion,0.6674220963172804	military,0.18186968838526912	literature,0.07592067988668555	royalty,0.02209631728045326	politics,0.018696883852691217	art,0.009065155807365438	film/tv,0.00793201133144476	music,0.0073654390934844195	sports,0.006232294617563739	orchestra,0.0033994334277620396
Colley_Cibber	film/tv,0.31910946196660483	literature,0.24118738404452691	royalty,0.08348794063079777	military,0.07792207792207792	art,0.06493506493506493	music,0.055658627087198514	orchestra,0.05380333951762523	royalty/religion,0.05009276437847866	sports,0.03710575139146568	politics,0.016697588126159554
Constantin_II_d'Écosse	royalty/religion,0.4559748427672956	military,0.24842767295597484	royalty,0.05660377358490566	sports,0.05345911949685535	literature,0.04716981132075472	orchestra,0.040880503144654086	film/tv,0.031446540880503145	music,0.025157232704402517	politics,0.0220125786163522	art,0.018867924528301886
Cosmo_Lang	royalty/religion,0.19480519480519481	art,0.1038961038961039	politics,0.1038961038961039	music,0.1038961038961039	film/tv,0.09090909090909091	literature,0.09090909090909091	orchestra,0.09090909090909091	royalty,0.09090909090909091	sports,0.06493506493506493	military,0.06493506493506493
Cædmon	royalty/religion,0.35	literature,0.325	orchestra,0.08	military,0.075	art,0.045	music,0.04	film/tv,0.025	sports,0.025	royalty,0.0175	politics,0.0175
Cædwalla	royalty/religion,0.4225352112676056	military,0.1619718309859155	literature,0.09154929577464789	royalty,0.08450704225352113	orchestra,0.04929577464788732	film/tv,0.04225352112676056	sports,0.04225352112676056	art,0.035211267605633804	politics,0.035211267605633804	music,0.035211267605633804
Damageplan	music,0.45121951219512196	politics,0.11585365853658537	orchestra,0.07926829268292683	sports,0.07317073170731707	royalty/religion,0.06097560975609756	literature,0.054878048780487805	film/tv,0.04878048780487805	royalty,0.04878048780487805	art,0.036585365853658534	military,0.03048780487804878
Damon_Hill	film/tv,0.40525893215576075	sports,0.24568446407065436	military,0.18827780008028905	literature,0.07507025291047772	music,0.03331995182657567	politics,0.02067442794058611	royalty,0.012846246487354477	orchestra,0.009634684865515858	art,0.005018065034122842	royalty/religion,0.004215174628663188
Daniel_Boone	politics,0.44386181369524985	literature,0.23288093769278223	military,0.19123997532387416	orchestra,0.031153608883405307	film/tv,0.02930289944478717	royalty/religion,0.02498457742134485	art,0.01418877236273905	music,0.012338062924120914	sports,0.0107958050586058	royalty,0.009253547193090685
Daniel_Sedin	sports,0.708029197080292	politics,0.04744525547445255	royalty,0.040145985401459854	orchestra,0.0364963503649635	music,0.0364963503649635	literature,0.032846715328467155	military,0.029197080291970802	royalty/religion,0.025547445255474453	film/tv,0.025547445255474453	art,0.01824817518248175
David_Ier_d'Écosse	royalty/religion,0.5241365380731166	military,0.2553019592001616	literature,0.0923045849323369	royalty,0.08826499697030903	film/tv,0.008685114118359927	sports,0.008483134720258533	politics,0.007069278933548778	art,0.006261361341143203	orchestra,0.004847505554433448	music,0.004645526156332054
David_Lewis_(homme_politique)	politics,0.3522727272727273	sports,0.11363636363636363	royalty/religion,0.07954545454545454	film/tv,0.06818181818181818	art,0.06818181818181818	literature,0.06818181818181818	military,0.06818181818181818	music,0.06818181818181818	orchestra,0.056818181818181816	royalty,0.056818181818181816
David_Lovering	music,0.24175824175824176	royalty/religion,0.10989010989010989	literature,0.10989010989010989	politics,0.10989010989010989	art,0.0989010989010989	film/tv,0.07692307692307693	military,0.07692307692307693	orchestra,0.06593406593406594	sports,0.054945054945054944	royalty,0.054945054945054944
Deusdedit_de_Cantorbéry	royalty/religion,0.5436893203883495	literature,0.06310679611650485	politics,0.06310679611650485	military,0.06310679611650485	sports,0.05339805825242718	royalty,0.04854368932038835	music,0.04854368932038835	orchestra,0.043689320388349516	film/tv,0.038834951456310676	art,0.03398058252427184
Démosthène	military,0.42698191933240615	literature,0.4172461752433936	royalty,0.05910987482614743	politics,0.019471488178025034	film/tv,0.01808066759388039	art,0.016689847009735744	sports,0.015299026425591099	royalty/religion,0.011126564673157162	orchestra,0.01043115438108484	music,0.005563282336578581
Diane_Keaton	film/tv,0.5639700180925303	literature,0.18816231584388732	military,0.08167485138278625	music,0.07004393900232618	sports,0.03825277849573533	art,0.03308348410441975	politics,0.010338588782631171	royalty,0.006461617989144482	orchestra,0.005944688550012923	royalty/religion,0.002067717756526234
Dick_Turpin	literature,0.28919002155836154	film/tv,0.27563905143209116	military,0.24699722821065598	royalty,0.044040652910378814	music,0.03880505081613797	royalty/religion,0.031105635971666153	art,0.023406221127194333	sports,0.020326455189405606	politics,0.017862642439174622	orchestra,0.012627040344933785
Dioclétien	military,0.708498023715415	literature,0.0825098814229249	royalty/religion,0.06818181818181818	politics,0.058300395256917	royalty,0.023221343873517788	sports,0.019268774703557312	art,0.016798418972332016	orchestra,0.008399209486166008	film/tv,0.007411067193675889	music,0.007411067193675889
Dmitri_Chostakovitch	orchestra,0.40555095277547637	military,0.19055509527754763	literature,0.18268434134217068	art,0.0811930405965203	politics,0.05095277547638774	sports,0.030654515327257662	film/tv,0.0231980115990058	music,0.021955260977630488	royalty,0.007870753935376968	royalty/religion,0.005385252692626346
Domenico_Selvo	military,0.6613636363636364	royalty/religion,0.15056818181818182	literature,0.07215909090909091	politics,0.03977272727272727	royalty,0.02556818181818182	art,0.023295454545454546	music,0.007386363636363636	sports,0.006818181818181818	orchestra,0.006818181818181818	film/tv,0.00625
Dominik_Hašek	sports,0.8827160493827161	military,0.029180695847362513	art,0.016835016835016835	politics,0.016835016835016835	literature,0.014029180695847363	orchestra,0.013468013468013467	royalty,0.011784511784511785	film/tv,0.007856341189674524	music,0.003928170594837262	royalty/religion,0.003367003367003367
Domitien	military,0.6274165202108963	literature,0.10984182776801406	royalty/religion,0.07381370826010544	royalty,0.05272407732864675	politics,0.03954305799648506	art,0.03163444639718805	sports,0.023725834797891036	music,0.021968365553602813	orchestra,0.011423550087873463	film/tv,0.007908611599297012
Don_Tallon	sports,0.6536964980544747	military,0.08171206225680934	music,0.05058365758754864	politics,0.042801556420233464	film/tv,0.038910505836575876	royalty/religion,0.0311284046692607	orchestra,0.0311284046692607	art,0.023346303501945526	literature,0.023346303501945526	royalty,0.023346303501945526
Douglas_Jardine	sports,0.45495495495495497	military,0.0945945945945946	film/tv,0.08558558558558559	royalty/religion,0.07657657657657657	orchestra,0.06756756756756757	music,0.06756756756756757	literature,0.04954954954954955	royalty,0.04954954954954955	art,0.02702702702702703	politics,0.02702702702702703
Du_Fu	literature,0.352112676056338	military,0.15211267605633802	art,0.14929577464788732	orchestra,0.08169014084507042	royalty,0.056338028169014086	politics,0.05070422535211268	sports,0.04788732394366197	music,0.04507042253521127	royalty/religion,0.03943661971830986	film/tv,0.02535211267605634
