ARTICLE_NAME	Art	Business	Education	Explorers	Humanities	Law	Literature	Media	Music	Personal	Politics	Religion	Royalty	Science	Sports	Warfare	Other
Eric Brewer	0.00037895268238		0.000610312923957	0.000128721512369	0.000429899994594	0.000152731719866	0.000401535121526	0.0132533727365	0.000234981292024	0.00431835026211	0.00050179039714	7.19080364333e-05	0.000319615157837	8.64043115031e-05	0.933199191687	7.84374874846e-05	0.0458337946768
Adam Gilchrist	0.000317556860238		0.000592140560799	0.000248753588435	0.000177252933538	0.0171163575426	0.000239646808409	0.00326382231488	0.00040241958057	0.0399826285455	0.0244707165296	0.000506619930519	0.000574460659213	0.000205993866775	0.718041576105	0.000109778361536	0.193750275812
Mary Toft	0.0031697006258		0.000379771650529	0.000386479906281	0.00885590532823	0.200035297573	0.101003570358	0.000932373674893	0.000487144114596	0.114981462534	0.0193897466083	0.00016732270029	0.0436537501677	0.115651362518	0.000256658124793	7.43070200736e-05	0.390575147095
Richard Cordray	0.000192259963842		0.0827089982133	0.000498579459974	0.00214418406427	0.109804711933	0.000394050948792	0.0261373301027	0.000188168240634	0.0291909724025	0.558330149752	0.000133283790635	0.000628870134353	0.000294642131826	0.084064024212	0.000303563337568	0.104986211313
Faryl Smith	0.000149867866752		0.0177583366022	0.000201594794064	0.000362026452516	0.000208895360125	0.00322550233813	0.267557288922	0.420141637859	0.00865472009802	0.00040320193958	8.00549090956e-05	0.00185192811338	0.000154483235517	0.0466224895161	6.78942238458e-05	0.232560077769
Ernest Hemingway	0.0234128988579		0.000996573585162	0.0353719354728	0.0568435626742	0.0382299768443	0.184638855976	0.00540202037586	0.00599561846607	0.26436379626	0.00884700608358	5.57707331318e-05	0.000160908226448	0.00292270875483	0.0161898254298	0.042661840852	0.313906701407
Dudley Clarke	0.000799520517755		0.0695197403044	0.0114612293898	0.0212036309175	0.0539827929522	0.0512481997841	0.0179263967679	0.0002686419265	0.0257791617309	0.0307182211243	7.66380660222e-05	0.000418227561349	0.0128446015065	0.00112805797007	0.321556019676	0.381068919804
Howie Morenz	0.000466048103949		0.000486442461127	0.00101242352001	0.000221269711466	0.00439459301684	0.000194890054606	0.00377199359104	0.00029969084219	0.121009954655	0.00221963067564	5.06441877552e-05	0.000443325746042	0.000632214732657	0.723851069259	0.00219922314577	0.138746586297
Stamata Revithi	0.000350632918458		0.00646051665186	0.00102430915087	0.000600404157455	0.1209566587	0.00198566998989	0.00503185410026	0.000233339044274	0.144589610179	0.00446723205637	0.00455273340713	0.00123865548627	0.000467502820249	0.304653043159	0.000342729390671	0.403045108788
Chester A. Arthur	0.00111043599562		0.0166645710841	0.0235238917022	0.000111429845493	0.0315395079537	0.000189633189837	0.000722915949894	0.000274674571403	0.113363565835	0.419941590149	0.00992883745955	0.0250149224151	0.0127652634582	0.000230813429593	0.0243525090645	0.320265437897
Ba Cut	0.00371345684168		0.000250350219894	0.00218894306936	0.00144034473319	0.0529438645118	0.000619720606337	0.00233672610532	0.00136409574363	0.00233732141884	0.297396544123	0.0134415067736	0.184089140591	0.0026105067297	0.000361788103074	0.164514942849	0.27039074758
Colley Cibber	0.00912975342329		0.000712874803565	5.32453557236e-05	0.0187964272947	0.00589112942724	0.22282743148	0.158150300834	0.00156961725395	0.0381393075476	0.0173118279441	0.00180393677768	0.048677252308	0.0216819936321	0.023738042298	0.000302052288611	0.431214807332
E. Urner Goodman	0.000935991784452		0.33642782579	0.00783718981275	0.00393536921932	0.000546027734918	0.0464150609524	0.0631128179337	0.0269622816147	0.0908488541625	0.102449363665	0.0674582670737	0.000467227125649	0.00156167963697	0.00118120987746	0.0466900547898	0.203170778827
Peter Jeffrey (RAAF officer)	0.000230533466832		0.00941816570058	0.00635979935689	0.00268896775991	0.00237461743793	0.000714550053915	0.000671837714294	0.011468489812	0.0842000823248	0.00338002304975	8.25533337508e-05	0.0032096802138	0.039791182999	0.0100942599797	0.633094576938	0.192220679859
Avery Brundage	0.0241292488632		0.0385464394735	0.0110505950525	0.00285954124694	0.0353269412174	0.00380857557194	0.0125135967481	0.000646975603684	0.060725548113	0.253589009399	0.00019399845627	0.0115759446488	0.0168356843809	0.156063469407	0.000136345319809	0.371998086498
Raymond Brownell	0.00019103374251		0.122444904638	0.0664516691886	0.000388952861648	0.000626983093112	0.000535230831508	0.00191903823267	0.000283009133289	0.106477563539	0.00253289933293	0.000304950936078	0.000980146968471	0.032733076834	0.00633707683617	0.591816163441	0.0659773003919
Peter Jones (missionary)	0.0125087216382		0.0494407796781	0.151632092252	0.000509421254431	0.000377210109494	0.00953521450178	0.0148969158759	0.0476907294917	0.170076869313	0.060800651379	0.135433075731	0.0602008480067	0.0102531070236	0.000703316434485	0.000682489421439	0.275258557888
Epaminondas	0.000740418999779		0.00777051352701	0.0116399891133	0.0316310792698	0.000947389273544	0.0871385997876	0.00227171438305	0.00447928445734	0.00606833308966	0.104834111304	0.000622161863865	0.404642133457	0.00278176952808	0.00269656114881	0.00388713862509	0.327848802172
William III of England	0.00274964491511		0.0112274792496	0.0046786154286	0.00016980562049	0.0126380705266	0.00709031982085	0.012060657703	0.000879118415366	0.00419612900351	0.0960260260581	0.017881659491	0.470866824261	0.000136253191261	0.000670051578551	0.00285701082957	0.355872333907
Godsmack	0.000116071930725		0.000846684486036	0.000144811866142	0.00469651021927	0.00120599505669	0.00119313060437	0.00332646163388	0.731459174211	0.00045702834807	0.00264106733611	0.000296007199119	0.000385796357185	0.0056702515407	0.000735228561129	0.0135119943013	0.233313786348
Otto Becher	0.000445446926119		0.0783614225684	0.13811864364	0.000229288889996	0.0181087778173	0.0004524435905	0.0137679530837	0.00062994348547	0.0390247560055	0.0022554497263	0.000359918189898	0.00095961097507	0.01547130536	0.00239284167955	0.569613135271	0.119809062791
Sam Loxton	0.000775852135411		0.000501580885029	0.00135292935428	0.000235062943426	0.000362533247445	0.0003970267843	0.000443262777538	0.000840642174512	0.105964869571	0.07304426223	3.37449675645e-05	0.000123029263277	0.000314010209511	0.571543050031	0.0166486163797	0.227419527046
Bart King	0.00118767984847		0.00201117294595	0.000327134446898	0.000207089567235	0.00159781923241	0.00724584929241	0.0013422001303	0.00125445291766	0.236730944055	0.000903518779746	5.554802313e-05	0.000860110469569	0.000141546166858	0.469272136184	0.00031144704802	0.276551350892
Stan Coveleski	0.000157673886646		0.000530871775848	0.000171211221544	9.46960742709e-05	0.000444637017374	0.00151284917235	0.000723497496511	0.000745393740651	0.122578613181	0.000689948094066	4.33408083539e-05	0.000537895122401	0.00273821169156	0.735286155553	0.000112314405284	0.133632690759
Pixies	0.00215144397723		0.0100185311002	0.000180334194703	0.0145153972719	0.00533847176136	0.0117946453587	0.0169529399019	0.654825784962	0.0141793282854	0.000265561278722	0.00035066841967	0.00116222638745	0.0151545587196	0.000468031644019	0.000150512131793	0.252491564605
Prince Albert Victor, Duke of Clarence and Avondale	0.00479493182554		0.00193930200173	0.000479553092415	0.0272659772536	0.176167605669	0.0548443570057	0.00414374893735	0.000308403409285	0.130370885843	0.000183220716184	0.000950042602097	0.22826119947	0.000329766719423	0.000352363543661	0.0274364136037	0.342172228307
Cedric Howell	0.00103038596683		0.0043845759312	0.0668600703139	0.000451021585858	0.000281339053233	0.000288723848916	0.00128080578568	0.00171563292515	0.0917318435267	0.000944937968711	0.0128424450101	0.000932292535864	0.0364381946445	0.0394264355289	0.608495229033	0.132896066341
Ian Chappell	4.87935085319e-05		0.0225885949268	0.00301643183418	0.00918911440187	0.000546101183994	0.0203011049602	0.0399435750134	0.00067770841365	0.0905568117993	0.0246464617058	5.30062136605e-05	0.0006450917506	0.00175939643104	0.50762435329	8.79364609546e-05	0.278315518106
Hiram Wesley Evans	0.000273082870125		0.03266136201	6.51750687869e-05	0.0521015752371	0.073918128006	0.00216729552173	0.0132118027259	0.000229643517304	0.0244981260239	0.500308837372	0.0119618406676	0.00214997965547	0.000888875892952	0.000179138014238	0.000321958385992	0.285063179031
Ronnie Lee Gardner	0.00150135665826		0.00217540070801	0.000141982102647	0.0184825515357	0.572755822338	0.00166959132773	0.00988548943594	0.000540039591173	0.128666356686	0.0389423127673	0.014411284361	0.000825349882645	0.00881205979875	0.00771146265163	0.000773089036682	0.192705851119
William Burges	0.496065224825		0.0129535523644	0.0100177751445	0.0129627174527	0.00242951815562	0.0488934388026	0.00108807289511	0.000167924171348	0.0192290142269	0.00578646283229	0.00625703322052	0.0221443184273	0.0300744058977	0.010861960629	2.4773671081e-05	0.321043807284
Ernest Emerson	0.0785881065454		0.0341750210469	0.000201472263624	0.000609964203992	0.120373017202	0.0361928407922	0.0481480264693	0.00520210898998	0.000783206389242	0.000293309685726	4.51745373567e-05	0.000288504175753	0.369689720181	0.0152898079733	0.0567889138999	0.233330805644
Ian Dougald McLachlan	0.000445936392262		0.119959991692	0.000617550018378	0.0144459982293	0.000204619562606	0.00166718361102	0.024895156713	0.000377764030224	0.00410477210266	0.0587302792095	0.00027641904512	0.00767753860072	0.0602820476359	0.000925119681965	0.527624757253	0.177764866223
Nguyen Chanh Thi	7.58818447606e-05		0.00431990474634	9.66797221333e-05	9.86870585635e-05	0.0367231610982	0.000781275171987	0.00931519919207	0.000659848626093	0.00961237765008	0.400286855565	0.000164994953882	0.0611172090592	4.64887894951e-05	0.0013868470848	0.154411794156	0.320902795281
Elwood Haynes	0.0026460086323		0.0430102381012	0.0171503830822	0.00107681924392	0.0184601082463	0.000429080042262	0.000465183344984	0.000143886397053	0.185599391532	0.076453147589	0.000121470927213	0.00020991277423	0.4438599114	0.0432083550419	7.03499414652e-05	0.167095753704
Robin Friday	0.0043703403708		0.00425403078538	0.0012544764038	0.00039089380203	0.0334619118648	0.000308134608196	0.000717075753871	0.00935054612695	0.0779751879319	0.0026007277083	2.700807804e-05	0.00017248529259	0.000170108862479	0.444180337521	0.00838715230549	0.412379582584
Wendell H. Ford	0.000796447216227		0.0581391885218	0.00042074496781	0.00026144961734	0.0202806835424	0.00120115499637	0.000332035497574	9.58462868253e-05	0.0349109641857	0.653885592475	0.000120404245373	0.000998105809817	0.0411759529007	0.0246811503281	0.0348525596017	0.127847719808
André Kertész	0.309575834619		0.0821188429339	0.000251606985186	0.00144273403805	0.000590100877188	0.0902574621811	0.0367863220736	0.00243945347521	0.228596462721	0.0247581685803	0.000407196259632	0.000598240414811	0.000230976605711	0.000717127860173	0.000195405334767	0.22103406504
Anne Hutchinson	0.000826790484968		0.000335210351457	0.0899607631622	0.0426808245914	0.0752676312086	0.00842986826255	0.000657480294417	0.000109064325642	0.109137780172	0.0738804457057	0.185101219406	0.0682430869957	0.00115828022586	6.87164633611e-05	4.31619455078e-05	0.344099676405
Nikolai Kulikovsky	0.000202240363468		0.00477121503472	0.0122020634918	0.000750737662135	0.0148338976762	0.000655684172206	0.000744455080646	0.000379242934856	0.393387374305	0.107547204874	0.0010257245549	0.191308049935	0.000680425437032	0.000695440822738	0.13273770892	0.138078534735
Thomas of Bayeux	0.00344115551246		0.00772562102992	0.000812090402725	0.00033772905078	0.00574138503399	0.00259349215153	0.00244339197986	0.00319387542771	0.00573288198673	0.0158472445014	0.355231825217	0.241907111149	0.000880941326389	0.0010299270193	0.00041424135766	0.352667086853
Hygeberht	0.000100431356762		0.000813210443877	8.79289512184e-05	0.00105982967357	0.00102721167789	0.000555491072838	0.0023094701121	0.000313294036006	0.00279215864379	0.00180454100589	0.348722672559	0.232280662251	0.00110862861946	0.000722661212468	0.000795611956091	0.405506196429
Francis Tresham	0.000252088997237		0.00166021188654	0.000502853667709	0.000405709996242	0.278859320228	0.00352980467656	0.000555209773203	0.000297525446112	0.0427819078935	0.0310074769823	0.058890643496	0.20726937825	0.000413972320909	0.000376928798697	0.000350219017645	0.37284674857
Luís Alves de Lima e Silva, Duke of Caxias	0.00116169235305		0.000888868958356	0.00488185318595	0.00129844690756	0.000113855499761	0.000144619068182	0.000140178263283	0.000140692518421	0.0517147759479	0.199059846291	0.000557452054519	0.283512766644	0.000267093473432	0.000191721062449	0.17988839148	0.276037746291
Art Houtteman	7.46607048785e-05		0.000268810495939	0.00019603478148	0.000105061642209	0.000883130771168	0.000237722326781	0.0111421363149	0.000181595818545	0.0579199489479	0.000392079632696	3.35850369934e-05	0.000480180205686	0.00186840673467	0.734139041283	0.00365115904689	0.188426446257
Karl Aloys zu Fürstenberg	0.000256784543425		0.00378668453679	0.0328174249785	0.000447352585874	0.000292352450101	0.000645871399436	0.000687507015431	0.000217528700745	0.00243347040394	0.0251448492835	0.00282941745856	0.279107308253	0.000644887232441	0.00208599434552	0.469588048083	0.179014518729
Hastings Ismay, 1st Baron Ismay	4.68677761385e-05		0.140346624586	0.000302048138665	0.000165389862135	0.000216290129725	0.0031124838469	0.000878961481025	0.000352647028925	0.0138759215732	0.138604288879	0.000657486589403	0.0241665724892	0.000108892680401	0.000243856753413	0.226425454498	0.450496213689
Radiohead	0.00580773182419		0.00640832194314	0.000306775158948	0.0198122589405	0.00135934165473	0.00654739804037	0.0248225784078	0.703768896401	0.00174682209675	0.0138816665262	4.44021447284e-05	9.81088800851e-05	0.0242377232813	0.000715640909943	0.000264445739213	0.190177888051
Kroger Babb	0.00161918337746		0.00492591313685	0.00484390797256	0.0356745239972	0.0361050315372	0.0687205765678	0.320422795104	0.000365271087983	0.088558938235	0.00129857777244	0.0042681680008	0.000755270486677	0.121875282933	0.0208396717997	8.02211732876e-05	0.289646666818
Mark Satin	0.000828581370318		0.0452538940891	0.000951584935736	0.281659160232	0.0130815784666	0.0865602001381	0.00470859306673	0.00200673481864	0.0219048872437	0.247722671234	0.00145082140306	0.00019979646256	0.0143286007307	0.000405503794529	6.91684863311e-05	0.278868223527
Edgar Towner	0.000867082728572		0.0621852656345	0.11574547817	0.000251909198726	0.000459647397789	0.00872553051823	0.00412607961467	0.000334538051311	0.127361468067	0.000809838946696	0.000324505837772	0.0047365749008	0.00644771433656	0.000598909344563	0.547783634731	0.119241822521
Thomas Playford IV	0.00364452204143		0.0263710653648	0.0113549940432	0.0221663249141	0.0149365277979	0.000925670929327	0.00167839154492	0.000228877799669	0.0925799100214	0.407756077266	0.00419426978602	0.00111602223557	0.0655310865431	0.000129983393802	0.0157476081337	0.331638668185
Ian Meckiff	1.97739974938e-05		0.000186222246403	8.72033900756e-05	0.00187785122175	0.0764530979189	0.000633741461966	0.0110200065681	0.000779955340294	0.0986576410852	0.0140999040178	4.85671836258e-05	0.00595528316533	3.70146618357e-05	0.479982343037	0.000284869900706	0.309876524803
Charlie Macartney	0.00365505796634		0.000162477772005	0.0107584842458	0.00212539137216	0.000278181504824	0.00933756567065	0.00119333382574	0.00288561202533	0.153723756583	0.00363578666398	0.000332638162068	0.000210262285134	0.000155847427925	0.5685509403	0.0207865163585	0.222208147837
Roderic Dallas	0.00131522544199		0.0108520732037	0.0120077239594	0.0005251839133	0.00164162567126	0.008863930401	0.00105256137237	0.00967756248652	0.063614243699	0.000270056836366	0.000104928831856	0.000331121236723	0.116720237144	0.0679705440878	0.400868578695	0.30418440302
Jerry Pentland	0.000497080567621		0.0149772690745	0.0772194561327	0.000116809608448	0.000321529282964	0.000807078679799	0.000968096072976	0.0108291667036	0.142831749576	0.00112843650749	0.00022997059274	0.00295811926721	0.11894046827	0.0423500937197	0.436014391046	0.149810284897
Olivia Shakespear	0.0150920418423		0.000497077413082	5.81259837729e-05	0.0389125137117	0.000127067735512	0.186126643558	0.000339455075542	0.00017802727855	0.31892741293	0.000592036968073	0.00016349674734	0.0427152881489	0.000150851956951	0.00089233781859	0.000372991858885	0.394854630973
Frank Berryman	0.00327295193526		0.0619922842796	0.000647866286308	0.000139780480495	0.000563177638132	0.000274841487406	0.00233307039213	0.000502974858353	0.0637222860175	0.0362571409448	0.000112085112382	0.00115951945391	0.00259968479844	0.00347093000274	0.498094493924	0.324856912389
Sid Barnes	0.000762439442881		0.000297194903207	0.00663211934	0.000158350178134	0.036236026347	0.023864202436	0.000912691504644	0.0139841826487	0.147701299671	0.0105871769481	6.90104780321e-05	0.000223627191801	0.000687970570317	0.347912694149	0.00149146053911	0.408479553652
Sandra Morgan	0.000588066637447		0.0724748734749	0.0011749662618	0.000540478007144	0.000337363224953	0.000388957356663	0.0191970558216	0.000765326810097	0.0985345944251	0.0027844802701	4.84891614303e-05	0.00071614126793	0.00155404629887	0.683052434717	0.000537319009571	0.117305407256
Arthur Morris	2.52321197695e-05		0.000312370785258	5.01174990701e-05	0.00151961295509	9.3441513723e-05	0.000774694415261	0.00103553007907	0.00250376296404	0.104389828105	0.0195207389947	3.4792406443e-05	0.000865111472764	0.000522891186734	0.563136891483	0.00482790576091	0.300387078259
Hippocrates	0.000499166718198		0.0129550141705	9.43971337751e-05	0.182866455163	0.00668873818782	0.0246821122175	0.000464809889868	0.000569506962774	0.0518578739996	0.00189152153147	0.0151041466323	0.00112991372627	0.295191322066	0.000185425593768	0.000155381407423	0.405664214599
Tom Driberg	0.000720340139661		0.0120012228099	0.00776044889218	0.00762550441438	0.0893929598754	0.138229715454	0.0177998188363	0.00115956224776	0.100456519305	0.262972910448	0.0142003516259	0.00922783442869	0.000372294506553	0.00182169180728	0.0013651410522	0.334893684157
Brunette Coleman	0.00114336630214		0.00079000929766	0.00514699418383	0.0857985332965	0.0294626625681	0.381080393612	0.0172138770144	0.00047269339741	0.077046851922	0.000587211737219	0.000847342023765	0.00107212467303	0.000300006420747	0.00704101898466	0.00531529135524	0.386681623212
Martha Layne Collins	0.000108603425989		0.119954630018	0.00010439345883	0.00025716594781	0.0519848808471	0.000199516089824	0.0284231648081	0.000105496306144	0.0457363760667	0.585662517911	8.87471681012e-05	0.0124306658424	0.0273831305703	0.00239964200926	0.000305300917813	0.124855768613
Ray Lindwall with the Australian cricket team in England in 1948	0.00201158739705		8.89040478807e-05	0.0067963424665	9.87785850182e-05	0.00840801841122	0.000243538001868	0.00304305464783	0.000347212268056	0.0809261530626	0.00245129454637	2.44694504996e-05	0.000132516878917	0.000136302731108	0.482699853697	0.00896475009445	0.403627223714
The Orb	0.0446680868702		0.000368163189205	0.00230574652497	0.0219763095603	0.000550541652906	0.0327305075774	0.0109971693482	0.576441571757	0.0023062295704	0.000265859544816	0.000762958471508	0.000463144081015	0.0590634344737	0.000263949198414	2.08851700295e-05	0.24681544301
The Supremes	8.68560851597e-05		0.00354675378839	7.17920146791e-05	0.000435025161554	0.00363437799486	0.000585633065288	0.105370015544	0.525864771625	0.0500132774355	0.00297000602064	4.63959096271e-05	0.00509332717273	0.000731386088423	0.0038795468451	0.000118172489317	0.297552662759
Keith Johnson (cricket administrator)	0.000180283271083		0.00496903114519	0.0135854122997	0.000849699278468	0.112794873144	0.00412813850184	0.00693344201715	0.0348052472971	0.0711027066437	0.0784690096721	0.000146193132278	0.011704626041	0.000459485489793	0.181114950208	0.0447576502126	0.433999251646
Moe Berg	0.000226179173147		0.107652333345	0.000583464425024	0.000406274316661	0.0255937513609	0.00319985041944	0.0461222013451	0.0133013836598	0.117473587251	0.00420173650175	0.000117436631279	0.000401011094645	0.000345551263121	0.357999245361	0.0407305128189	0.281645481034
Daniel Lambert	0.0408615248124		0.000326037467373	0.0295020267753	0.000119661863495	0.0288872631071	0.014788371765	0.00446116628264	0.000545433325728	0.25888999988	0.00162909372835	0.000384002534397	0.00504550074818	0.0410780319127	0.0179791794004	6.18352861249e-05	0.55544087111
Thurman Tucker	0.000332911766888		0.000837165900178	6.22051599005e-05	0.000409354026597	0.000255347588432	0.000392981043563	0.00807563040177	0.000509687222233	0.0400238273338	0.00276923119972	8.17059252024e-05	0.000636673390285	0.000470062923367	0.852531001133	0.0147557639274	0.0778564510572
Cynna Kydd	0.000293053289569		0.0180943313465	0.000146961498468	0.000982720131771	0.000293928600737	0.000461185618993	0.0056565481371	0.0012784996744	0.0642530989829	0.0241747649589	9.49745237274e-05	0.000514344507295	0.000828701619042	0.670611514538	0.000218853434464	0.212096519138
Uriel Sebree	0.00472114195855		0.0180553782393	0.299639061881	0.0144321888162	0.109862988104	0.000945280127114	0.00639439926739	0.00747108885023	0.0192199399774	0.0609589611388	3.45504721182e-05	0.000673238498215	0.00469242105748	0.000725550640921	0.273486058655	0.178687752315
Ion Heliade Rădulescu	0.0216323862393		0.039059609481	0.000105784560675	0.127015336035	0.000329309665391	0.276840659559	0.00218841637182	0.00252008014709	0.00240211480834	0.219441135822	0.00273831051392	0.0240725224812	0.000264550161863	7.74387978411e-05	0.000481951213548	0.280830394143
Bruce Kingsbury	0.000467724804646		0.013505530786	0.0609969820171	0.000635505750675	0.0022767164186	0.00218312404718	0.00526595051581	0.00322192824474	0.157761871338	0.00671070224981	0.000174636866349	0.00103391149073	0.00968484636572	0.0261441843116	0.510537625288	0.199398759505
Manuel I Komnenos	0.00577868988921		0.00037379995162	0.0392526084171	0.00987245755755	0.000109911129941	0.00154197029195	0.00241716348827	0.000193324200801	0.00128887177527	0.0238883363417	0.0223750770357	0.500464364997	0.00130539079385	0.00798206658905	0.0172006070145	0.365955360527
James Rowland (RAAF officer)	0.000343285182351		0.147327385819	0.000479923113115	0.00544040329471	0.0377406334311	0.000293284728791	0.00100796432716	0.000277364514819	0.0181539727364	0.109983372345	0.00220157711671	0.0264737602654	0.0809455816849	0.00180309273194	0.336316838888	0.23121155982
Émile Lemoine	0.00675872256684		0.206780013117	0.00175802929893	0.103609142619	0.000120399998088	0.0114542156257	0.00127699378751	0.0121246512433	0.00616878724452	0.0156796499674	0.000636565317808	0.00162975019894	0.00843723360335	0.00153371215599	0.00591692855119	0.616115204704
Oswald Watt	0.00334251023565		0.114367243664	0.0452656381744	0.000908688284898	0.00139822545119	0.00378274298449	0.00157766952056	0.000417808903703	0.139371603998	0.0244447647088	0.000246411229456	0.00198079470686	0.0518736238567	0.00190541766866	0.377862948983	0.231253907629
Happy Chandler	0.00167828689216		0.0176962597624	0.000200347426047	0.000554259149697	0.0455863424767	0.00127783945897	0.00239253058331	0.000107202875616	0.0575584565418	0.529090384721	0.000276049889321	0.0146413464274	0.00156393228545	0.0856044573497	0.00813768108513	0.233634623075
Nikita Filatov	0.000166805349981		0.00362693096536	0.00351277664692	0.0188995403761	0.0110011016348	0.000770440025711	0.000481856426976	0.000334541319437	0.00152643893201	0.00943574160867	0.000450234949657	0.000802893948653	0.00044602606172	0.781679164534	0.000931626534342	0.165933880686
Hermann Detzner	0.000216477613589		0.0248803864167	0.299415190955	0.0227403437082	0.0321377209206	0.0758548618077	0.00496504047255	0.00183869929654	0.00229290770508	0.00831773273165	2.92093538368e-05	0.027929780607	0.0114615747601	0.000585835098875	0.0976701615118	0.389664077041
Sam Loxton with the Australian cricket team in England in 1948	0.000384250203978		0.000339481213991	0.00147586593583	0.000543932807138	0.000469550245094	0.000122761381276	0.0263073067368	0.00150501490615	0.0763760742799	0.00467888485815	5.77621426687e-05	0.00346668918293	0.000197732859717	0.593596102227	0.0213250207779	0.269153570241
Albertus Soegijapranata	0.00559868054608		0.134543140822	0.0331885143788	0.00237170385224	0.00614886652016	0.0160892725996	0.00356216330161	0.00346954039411	0.0982409249504	0.228130010394	0.199990703991	0.0199824865558	0.000487041094724	0.000420367634815	0.0337291655998	0.214047417365
Kevin O'Halloran	0.000333620904834		0.00931019555412	0.0526398604278	0.00297808301723	0.00267037296143	0.000498478807874	0.00191182975252	0.000699549082642	0.129559747392	0.0262440671557	0.000221729398347	0.000694857955838	0.000559004598159	0.633640749318	0.00527821022153	0.132759643452
Sex Pistols	0.00626590514759		0.00468902016347	0.000401817500132	0.0410498187888	0.0429296119628	0.00119142866413	0.0423255587315	0.342638678598	0.0200848433925	0.0456181231803	2.75153770924e-05	0.000702758996317	0.0162027688891	0.000501391161999	0.000191047448901	0.435179711997
John Day (printer)	0.00444051332301		0.0102859643187	0.00102806270911	0.000785975769499	0.0344319540683	0.304427330365	0.00711604264092	0.0115902954577	0.00701765673456	0.0179086161366	0.0698234480932	0.0876187989356	0.171245262147	0.0117160094864	0.000335295189269	0.260228774626
Abdul Karim (the Munshi)	0.00422773542269		0.00763565543279	0.0331146490033	0.000735630126317	0.0560520417244	0.0332334663028	0.000522961035296	0.000116748303459	0.133975084166	0.0299242463768	0.000630622368486	0.103318467121	0.00296005032663	0.000536908706579	0.0244561923552	0.568559541228
Masako Katsura	0.0341193361912		0.00410739167058	0.00144214335273	0.00192012537925	0.000918510338177	0.0045281692807	0.054138830469	0.000494345827054	0.142138520936	0.000416902918926	0.000110086271448	0.000478746459177	0.000636516761039	0.529655923534	0.00674458077215	0.218149869838
James Garrard	0.000943874096873		0.00203636913733	0.051321642195	0.000570192081279	0.0368582678384	0.000717201969931	0.000281047686093	0.000970175822524	0.0528042690953	0.54700770649	0.037693670244	0.033211044089	0.000993954276943	0.000244049744138	0.014509940745	0.219836594488
Learned Hand	0.000353908725372		0.0223260291414	0.00153171942571	0.148740674234	0.104760070876	0.0563632722893	0.000525054237402	0.000150341332961	0.0519188921151	0.258052679532	0.000992538747625	0.00975814549886	0.000137938677174	0.000609594854451	7.1530220902e-05	0.343707610092
Alexander Cameron Rutherford	0.000432822725307		0.0860650217457	0.0232038567556	0.000222904667682	0.000592164197963	0.00175769004321	0.00194505037957	0.000188015985276	0.106993065314	0.431989858957	0.00386779163506	0.0350129351338	0.0482423426933	0.00128494019376	0.000163160925693	0.258038378647
Kevin Pietersen	4.05250714548e-05		0.000209999015408	0.000280432047147	0.000229242571033	0.00792164568314	0.00360949965317	0.0144977048093	0.00491487853389	0.034683582743	0.0151668412145	8.46946437434e-05	9.09633536041e-05	0.000477850726262	0.636849476865	0.000212755014589	0.280729908055
Sudirman	0.00060564930779		0.0822218523981	0.0178461434903	0.00286717355368	0.00803101280252	0.000123165330051	0.0142453096609	0.000542176224292	0.0780935391075	0.259421616952	0.0144432655973	0.0349271764233	0.00278498498766	0.00216614702009	0.258427062816	0.223253724328
Angus Lewis Macdonald	0.00183297850669		0.0518497100001	0.0133172193663	0.0188525505755	0.00119312605545	0.00339981304574	0.00503842459885	0.000828346844382	0.0474290481631	0.448354279735	5.06421741971e-05	0.0180607964614	0.0286842519768	0.00302652404175	0.0523655389287	0.305716749526
Nikita Zotov	0.00360014733315		0.122637167601	0.0291277050774	0.00116170246145	0.000901778681189	0.0471061162912	0.0012276409448	0.00115767820603	0.117154136614	0.0117227783499	0.0537017368125	0.241341844387	0.000237698728911	0.0143449419094	0.00679582836231	0.347781098239
Elias Ashmole	0.0507704134908		0.0493535120746	0.00123188756863	0.0194262917994	0.000627072389272	0.142730093204	0.000679242754767	0.000581900101651	0.0955963459558	0.0831604225953	0.00513725506818	0.135211563304	0.0355679562631	0.000444828336673	0.0365661676383	0.342915047455
Coenwulf of Mercia	0.0146770507987		0.000379771650529	0.000105409571598	0.000241926247656	0.00016122251528	0.000661460876149	0.00169291693345	0.000106872485319	0.00584350493197	0.00462528726289	0.0977483294826	0.467259811633	0.00137147114601	0.000273191673892	4.12399218756e-05	0.404810532869
William Garrow	0.00036738961464		0.0570513238068	0.000605458661983	0.00573850142853	0.2859410463	0.0370630265648	0.0130647925596	0.000292388137901	0.109909045887	0.153363230024	0.0018162860486	0.0193217756779	0.00225679202509	0.000850468000422	0.000235669866993	0.312122805395
James Tod	0.00287961607448		0.087352920819	0.0385570332061	0.129931694823	0.00181418381446	0.116981409264	0.00148130090145	0.000183999265213	0.00165951089722	0.0834687841654	0.00348648301167	0.100600009869	0.000819290108586	0.000212144436495	0.0281314677458	0.402440151598
John Edward Brownlee as Attorney-General of Alberta	0.000162015201471		0.00176150831293	0.00287813840097	0.00376188845175	0.0484699195866	0.000165251818927	0.000543889584156	0.00334159605829	0.00758068763596	0.493874417004	8.94155663465e-05	0.0153424811461	0.0325274533185	0.000259028929111	3.84777063043e-05	0.389203831278
Colin Hannah	0.0227702261032		0.0340642206344	0.00118670895684	0.00948275198513	0.00390179925346	0.00135223471697	0.00430275054556	0.00248254929232	0.0630581676405	0.145247031971	0.00012109992227	0.0220530680696	0.00117422641824	0.00133801737285	0.402359035589	0.285106111528
Flea (musician)	0.000385296127301		0.00299847060243	6.35549684709e-05	0.015964214613	0.00341882269931	0.000517084593227	0.0840626456927	0.483661423104	0.0478024738098	0.000308073331015	6.99720534396e-05	0.000226743159321	0.0032826696765	0.00116781169138	3.01106868946e-05	0.356040633191
Pericles	0.000150952501582		0.000269425346334	0.016545866364	0.056324127816	0.000741534751622	0.0421959651295	0.0018247934594	0.00102366247389	0.000571599285901	0.178656704644	0.00219448037327	0.267410681645	0.000779427750644	0.000462941446907	0.00396083571415	0.426887001298
Bill O'Reilly (cricketer)	0.00153910974745		0.0183221556612	0.000863249396409	0.00895612937182	6.70711002051e-05	0.00625097745314	0.00368313951938	0.000177571260403	0.22574745942	0.0141909371947	0.000131757384996	0.00053222346132	0.000904269148748	0.410487410547	0.0169217755653	0.291224763768
Wail al-Shehri	0.000127007581906		0.0920496428066	0.0328583350331	0.000663766930658	0.361215891778	0.0011050148736	0.023912446263	0.000793961531493	0.213915810326	0.0067839146668	0.0294561516481	0.00219113868276	0.0513054867305	0.000283574539593	0.0499188963094	0.133418960299
Henry Cornelius Burnett	0.0014953737458		0.00273692289488	0.00419720195006	0.000365902115448	0.0813738248105	0.000456482135093	0.00140625166519	0.00041506142116	0.0408092399844	0.537985015018	0.00035215298579	0.016703222796	0.000320765899202	0.00267126328547	0.0961023826796	0.212608936613
Bob Dylan	0.0292631601898		0.00153316201146	0.00024885199413	0.0276017665426	0.00987878139951	0.0867914733829	0.0724164396446	0.441390625272	0.0303996055659	0.00617746200909	0.0135321622965	6.72392996275e-05	0.000494405813838	0.000224731493259	0.00160951539122	0.278370617694
Scott Zolak	0.00010047438778		0.0102530147657	0.000391717410871	0.000290607999626	0.00157218303553	0.000490453040582	0.0737665063013	0.000905220706676	0.00292971534194	0.000783448373055	0.000194418603058	0.000262488040455	0.000361346659421	0.81911013856	0.000330298243344	0.0882579685305
Ray Farquharson	0.000199533595617		0.41961846474	0.000222661877768	0.0248884298895	0.026953132191	0.00157185987653	0.00902427605675	0.00207675785641	0.0932639112755	0.0705740182755	0.00014389623142	0.00133807935471	0.24834737979	0.000402453164486	0.0830680520956	0.0183070937293
Rex Ryan	0.000105198417167		0.0440251246629	4.60371785202e-05	0.0286770516457	0.00103314398611	0.000409257358229	0.0127984041162	0.00139746952662	0.0327795653314	0.00130592218496	0.00016530296977	0.000727121507396	0.00068126110766	0.629989662446	0.000729589858239	0.245129887703
The Turk	0.0316399277034		0.00147737521414	0.00595182081527	0.00418481212368	0.00357416015915	0.0908149702848	0.0248886182564	0.000776138259078	0.0208983753229	0.0181531133947	0.000452899844387	0.0152030804449	0.23261331222	0.171244054	0.000945837046381	0.37718150491
Premiership of John Edward Brownlee	3.04940978382e-05		0.00288535758348	0.0090472801193	0.0221827386498	0.0429452568104	0.000362358149051	0.00354154968497	0.000507650186713	0.0298482220776	0.497555760468	0.000149584184636	0.00595428950838	0.021440765583	0.000216891860332	9.37760648124e-05	0.363238024971
Military career of Hugo Chávez	0.00107034588579		0.0250592196095	0.000139932601498	0.037755662127	0.00959329031837	0.00802994830728	0.0125133106191	0.000380058898894	0.0340213493773	0.401831624186	0.00513611601814	0.00261661375792	0.00490970746944	0.0199480872492	0.148365406039	0.288629327536
Christopher Smart's asylum confinement	6.79809642704e-05		0.00041487489745	5.44342522756e-05	0.15054500318	0.0961372264424	0.181727887591	0.000884972059792	0.000247731256374	0.0488944952406	0.0110959851065	0.041681351158	0.00178541386141	0.0163738401702	0.000217954639113	0.000177153911803	0.449693695268
Eadbald of Kent	0.000687618530877		0.000489278991344	0.00883944626742	0.000601807087694	0.000147802234244	0.000557468402817	0.00150978246276	0.000278065067016	0.00333450849772	0.00766354779627	0.135825788366	0.287748312635	0.00126586664098	0.00021151272691	7.59058819534e-05	0.550763288411
Francis Walsingham	0.00012397381461		0.0133313699093	0.0407832927744	0.0106232172457	0.0941016113688	0.0151104244059	0.0062375300407	0.000134655126579	0.042263843822	0.150658613419	0.0178580700107	0.246834841756	0.000340776197272	0.00245469422062	0.0305122408898	0.328630844999
Hector Waller	0.000139333974581		0.0546594524254	0.103478494914	0.000491690213307	0.000258704982202	0.000798389658937	0.0351609649824	0.000575396289295	0.0836735848445	0.000879520954751	0.000210487934416	0.00751803948367	0.000619349949133	0.00444979191245	0.561310446998	0.145776350483
Alister Murdoch	0.000129225761068		0.0316937781969	0.027181018194	0.00048343721436	0.000486694124949	0.00106947892579	0.00140906199272	0.00184969227212	0.00508411073395	0.120520433952	8.55478177821e-05	0.00998855372233	0.0488291836356	0.0159987434029	0.461065902855	0.274125137199
Keith Miller with the Australian cricket team in England in 1948	0.00124367577325		7.51242650264e-05	0.00403938257882	0.000235353825059	0.00249502462207	0.000799374011912	0.0141759439988	0.00241226906415	0.0594832622593	0.00734315138451	3.54497674296e-05	0.00266625609768	0.000150313877243	0.509623745205	0.0190188640486	0.376202809221
Guy Bradley	0.000167385420574		0.0056088618158	0.151058748686	0.00014662247657	0.194923356459	0.0484872391421	0.00196700936525	0.000143386140592	0.197971703447	0.0457736603602	0.00130861753344	0.0261514014088	0.0891546157422	0.0205652059421	0.00619525140263	0.210376934658
Herbert Greenfield	0.000152401610243		0.0121911155069	0.0311440521114	0.0018852012211	0.0266583951955	0.000466844712341	0.000471130512394	6.07236227348e-05	0.0692860440445	0.498790977033	0.000445873641546	0.00659375642719	0.00138863413301	0.00119495645477	0.00243933850932	0.346830555264
Melford Stevenson	0.000199721397941		0.0386450272688	0.000856704008553	0.00113765219033	0.320437460131	0.000527360330082	0.00727513326926	0.00138592761602	0.130639799209	0.150909741821	0.000231970422069	0.00619599856853	0.000251009255775	0.00216662382073	0.0655210985911	0.2736187721
Luke P. Blackburn	0.000238943614858		0.000674812122398	0.07517350878	9.70600860952e-05	0.190199065982	0.000846487606719	0.000447318641098	0.000246508102712	0.146615558088	0.252188902256	0.00404183574047	0.00761081713427	0.0666546961913	0.000347871323784	0.0368341157002	0.21778249863
Tarrare	7.28417872134e-05		0.000450589931874	0.0134840103351	0.000247806358885	0.0691046078165	0.000196307671078	0.00226362179594	0.0055213827113	0.098484123141	0.000426694240666	0.000100441068365	0.000908512882956	0.15636341949	0.000108352109186	0.0849302113428	0.567337077317
Benjamin Franklin Tilley	0.000377558530175		0.0210958728776	0.155037792253	0.00162507358145	0.0363243853364	0.00115351766061	0.000802363582896	0.000948241141762	0.0555872134073	0.195798347869	0.000219140147319	0.144560082972	0.00160869503475	0.000733418579407	0.228470269225	0.155658027801
Beorhtwulf of Mercia	0.00197729151325		0.000769546878524	0.000218833365047	0.000434899738162	0.00552600852871	0.00240428998629	0.00311352096967	0.00344195542432	0.00162063939423	0.000881160404325	0.0252810990949	0.44596029517	0.0223361804193	0.000455697246032	0.000151583810331	0.485426998057
Peter Warlock	0.0216605372996		0.0323189030197	0.000170115173026	0.0408556032042	0.0145858041092	0.165336233068	0.000798968332393	0.232278139109	0.144472646023	0.00119974476688	0.000104416002941	0.000678959356131	0.000723824677483	0.00249515149344	0.000155143967079	0.342165810399
David Evans (RAAF officer)	0.000329798190957		0.082757120437	0.00834032563327	0.024317986349	0.000288618133923	0.000671783761766	0.00156139585735	0.000681371006945	0.037956345619	0.095912347499	0.000716132523355	0.000699197782003	0.0832394586083	0.00544701499856	0.438376713763	0.218704389836
Don Tallon	0.000839598771609		0.000404224084713	0.0051787120634	6.30025163631e-05	0.000501475039106	0.000495333292627	0.0020008474947	0.00120074191442	0.0878981882011	0.0189339228307	2.57558334191e-05	0.000390551021688	0.0187869847495	0.624594267041	0.00598864029578	0.23269775485
Isaac Brock	0.00037632471088		0.00581465612655	0.0844077902788	0.0110274935434	0.0207376987116	0.00125115276542	0.000655437217191	0.000735358430483	0.0309550634675	0.0177068940494	0.00060898267701	0.0911913189337	0.00189382161107	0.00572261924657	0.332529820609	0.394385567622
John L. Helm	0.00332751175825		0.00426046876798	0.0282907554366	0.000102277098852	0.0374395199675	0.000618354749993	0.000715182803317	0.000540126137759	0.143453104762	0.532526177339	0.000223437933019	0.0667500029971	0.000550874446821	0.000320655468547	0.00312397197165	0.177757578362
Ian Craig	0.000260592592723		0.0159286906004	0.00059593074625	0.00017520410246	9.16925448608e-05	0.000921578577067	0.0010850587653	0.0106957704874	0.0988972430969	0.035062096388	3.8742883008e-05	0.00123476200174	0.00281108608414	0.580998768559	0.00037137189805	0.250831410673
Nick Adenhart	0.0182361283492		0.00277166599915	0.000283060813388	0.000119197410892	0.113214864482	0.000592706151683	0.0318369253559	0.0016181796953	0.0867125072784	0.000608460361596	0.00243624729944	0.000387558541609	0.000993602949532	0.6668247314	0.000200924833506	0.0731632390777
Eardwulf of Northumbria	0.00970539489046		0.000406365170313	0.000117924794635	0.00565315151393	0.00040232320412	0.000592023228788	0.000395694007003	0.000175051105417	0.00111780657405	0.00147513144993	0.0621506939624	0.460773818373	0.000350524797961	0.000527586402088	0.000120122590903	0.456036387935
Michael Gomez	0.000272661016928		0.000447164205995	0.0040593305555	0.000350578756121	0.0346828017817	0.000658274493297	0.00320392501379	0.000690614620443	0.0637175087051	0.00376151908121	0.000133218129794	0.000399032511879	0.000170479120887	0.629911304206	0.000651523218892	0.256890064583
Clarence 13X	0.000473311758433		0.0703887016627	0.00017133045393	0.0821122190706	0.223654525651	0.00157329198174	0.000505247504325	0.000136630309279	0.116291325803	0.1252695477	0.114619043379	0.00113596618395	0.00029736937032	0.000494886287018	0.00147183359034	0.261404769294
John Wark	9.96874744965e-05		0.00524136631609	0.000228315891548	0.000425172776327	0.000486334063654	0.012429000452	0.0234677830973	0.00019993111284	0.0483707176211	0.000857573276038	9.08807912117e-05	0.000450132881783	0.00380069927082	0.708543807475	0.000126134969689	0.19518246253
