ARTICLE_NAME	Art	Business	Education	Explorers	Humanities	Law	Literature	Media	Music	Personal	Politics	Religion	Royalty	Science	Sports	Warfare	Other
Eric Brewer	0.000328144031283	0.000881127544947	0.000670300115711	0.000137383560333	0.000537644890116	0.000153466254527	0.0003028339307	0.015484401335	0.000391875559951	0.00207315211888	0.000466394641804	3.50278666332e-05	0.000359440837641	6.34409028371e-05	0.931120493708	0.000244088156102	0.0467507845459
Adam Gilchrist	0.000478039092579	8.3118407861e-05	0.000482059590912	0.000105669112483	0.000584586835814	0.0120026856254	0.000448410788284	0.00912242800672	0.000668795902996	0.0632079685095	0.0192392742347	0.000239727935671	0.00124231222048	3.75158938878e-05	0.694988501903	0.000139714937246	0.196929191002
Mary Toft	0.000459300434375	0.000156690059477	0.000518839959854	0.000163085263245	0.0164846996401	0.209912055582	0.0991811957338	0.000564698349999	0.00033789616395	0.0830473194594	0.00316743619967	0.000247929012406	0.0489118957213	0.120101438097	0.000209225963301	0.000280609730387	0.41625568463
Richard Cordray	9.52223565645e-05	0.138728305381	0.0629076528584	7.99625452105e-05	0.000735449835463	0.123369241389	0.000432541389	0.0387908255204	0.000138745943561	0.0217458480448	0.465072215013	0.000213504365736	0.000863316430262	4.32502590938e-05	0.0957248302269	9.82427899616e-05	0.0509608456522
Faryl Smith	0.000190444375964	0.00014542775548	0.0148337301233	7.52253770554e-05	0.000637423278291	0.000248578370262	0.000706334913222	0.266946750373	0.414005929766	0.00753498703345	0.000208342006714	0.000136151660705	0.00156602699018	0.000109490922042	0.0444322001605	9.68647827277e-05	0.248126092111
Ernest Hemingway	0.0191267245676	0.000223175499807	0.000846626599559	0.0490577650738	0.0611690676297	0.0243873171985	0.184583417927	0.00262530964808	0.00691500813877	0.259440103894	0.00579724133706	6.12126302531e-05	0.000254432864526	0.00258526855908	0.0129293400912	0.0370385034299	0.332959484911
Dudley Clarke	0.000281399186753	0.0318166658428	0.0552713149548	0.023765789998	0.0245583352913	0.046030680476	0.0541376938112	0.0213419643202	0.000193125169993	0.0422818641555	0.000639472531642	0.000377769081851	0.00039275713301	5.32076314956e-05	0.00190423338278	0.344814993535	0.352138733498
Howie Morenz	0.00014285771538	0.000884383305202	0.000558456977493	0.000273854824119	0.000175376320005	0.000710840973717	0.000200478561925	0.00282728173063	0.000364447442855	0.133260262093	0.000255200013264	0.000146199422458	0.000902399003308	7.5232442164e-05	0.719245783537	0.000340627183936	0.139636318453
Stamata Revithi	0.000606555388785	0.000342404763993	0.005177236929	0.000861810937874	0.000823290679186	0.104977791166	0.000590304140099	0.0054218572339	0.000269053953316	0.13624190753	0.00638006234722	0.00361047250114	0.00150164341725	0.000203430779144	0.303066054572	0.000793709616988	0.429132414045
Chester A. Arthur	0.000732055694789	0.0597175280966	0.00471852340052	0.0152723345456	0.000340133693852	0.0313604805445	0.000160259996186	0.000747099008675	0.000129294266249	0.124491206904	0.416690923446	0.00190286554922	0.021699717509	7.35516750726e-05	0.000421429279408	0.019729828254	0.301812768137
Ba Cut	0.00237235742361	0.0139490798395	0.000389561676236	7.18696865096e-05	0.0044378790495	0.0610316355973	0.000890379267481	0.0037205151105	0.000803358745536	0.00524897620934	0.161073193747	0.0159484950993	0.231725195025	0.000127393201485	0.000363881015857	0.243931998386	0.253914230919
Colley Cibber	0.00183499811567	0.0263182143131	0.000619655159083	1.85823097808e-05	0.0136214513095	0.00684935822927	0.182072389831	0.157872296421	0.00331104616131	0.0333711720474	0.000831326253902	0.00117176002661	0.0598415909148	0.000224754753841	0.0225070397936	0.000675063573346	0.488859300786
E. Urner Goodman	0.000546941047922	0.0411165623436	0.309586548881	0.00015753153846	0.000706815998943	0.000156136885761	0.0396403442636	0.0434728811215	0.0306037247642	0.112381560124	0.0689463478786	0.069075705439	0.000543268045364	0.000135573782729	0.00102395697776	0.0757520315781	0.206154069329
Peter Jeffrey (RAAF officer)	0.00062814322753	0.0216801251212	0.00264982712034	0.23329662584	0.00358406972197	0.00144606076923	0.00114409135775	0.00142990470116	0.00053977176241	0.0804616273129	0.00344994090056	0.000343271050049	0.00402717551733	0.000227885939035	0.0171455526662	0.450052233974	0.177893693018
Avery Brundage	0.0247188463315	0.0822384242288	0.0189776450419	0.00514932812215	0.00258886967791	0.029536994111	0.00790495301362	0.0048636501033	0.00118079067995	0.0608378302608	0.231420219633	0.000267436320004	0.0175078712023	2.29512860258e-05	0.158037885183	0.000742709423013	0.354003595382
Raymond Brownell	0.000127107986436	0.0341586433937	0.0947161975482	0.248991456044	0.000495063177659	0.00684831521003	0.000546777681227	0.000842047619065	0.000449856307197	0.111549212871	0.00186335967098	0.000568715067338	0.000788995100096	0.00192732126705	0.00390127675391	0.44375100253	0.0484746517716
Peter Jones (missionary)	0.00553121841437	0.0294403029694	0.057455495182	0.0481627628287	0.000368244214814	0.000676671645677	0.00211200910719	0.00386897270675	0.0493617857833	0.24765762385	0.0492617095976	0.134803971954	0.104675318465	0.000109378183955	0.00493328861409	0.00028782295048	0.261293423532
Epaminondas	0.0139264414115	0.00907485746677	0.0028740166777	0.00157047350437	0.110293443796	0.00155480349345	0.0132380814933	0.00422589225331	0.00288351973798	0.0955246709461	0.0268792502893	0.00159751150681	0.357651598791	0.00212182582335	0.00212769357518	0.0831952782143	0.27126064102
William III of England	0.00448412137936	0.00412564097848	0.00978704286712	0.00152149257161	0.00395532240192	0.00948969410057	0.00386912749722	0.0127938574388	0.00118031668132	0.00200391388495	0.0956700669576	0.0147617080641	0.46488326072	0.000151672522485	0.000626063920929	0.0106585190761	0.360038178937
Godsmack	0.000152048686671	0.0116179684874	0.000352519471604	0.000516064199933	0.00243256446225	0.000670193060369	0.00544806301327	0.00720729405699	0.718058211018	0.000514511067517	0.00110087594364	6.92244246848e-05	0.000666760959969	0.000235558370568	0.000616142698603	0.00887970490454	0.241462295174
Otto Becher	0.000257124314706	0.000344806086123	0.0775441070061	0.351318299331	0.000114371807529	0.00404200172305	0.000579685188057	0.0329034830458	0.000534494072526	0.0378693267164	0.00035046766948	0.000761940423957	0.000966364831025	0.000134140446885	0.00161078068802	0.378863952053	0.111804654596
Sam Loxton	0.00249316144013	0.00040550647694	0.00209917815075	0.00295156631739	0.000131359341395	0.000501019810129	9.02287681525e-05	0.00043142240735	0.000741945891942	0.115220329364	0.0655389921625	3.86661286373e-05	0.000246082999644	2.00581180085e-05	0.557376804911	0.0173879950053	0.234325682707
Bart King	0.000583979855366	0.000898807158759	0.0051168689145	0.00053182135965	0.000121143990853	0.00181228890379	0.00849860868718	0.00148092352761	0.00704051568385	0.239758434473	0.000208697354177	0.000142552846318	0.000562493547719	8.25175217227e-05	0.448522443215	0.000587255880705	0.28405064708
Stan Coveleski	0.000118591836689	0.000541422946567	0.000519356935682	3.82574902587e-05	0.000159547201557	0.000200197139025	0.000456923111718	0.000944079224295	0.000356785398705	0.137066900283	0.000321410152071	6.14710592941e-05	0.000645885338889	0.000278739467734	0.733166515219	0.000122353545148	0.12500156365
Pixies	0.00689316545452	0.00122840590994	0.0125624771151	0.000140643827141	0.0219224393923	0.00067842135631	0.0110079671079	0.0145723304485	0.645169752458	0.0205428120879	0.000217545411023	0.000111085057596	0.000627711043534	0.000723477093071	0.000486139226029	0.000602200270343	0.262513426741
Prince Albert Victor, Duke of Clarence and Avondale	0.0080869047504	0.000121911327515	0.0012846620236	0.0127003740507	0.0238928853775	0.185256916871	0.0455979717749	0.00585079130786	0.000552525939971	0.0941571086665	0.000656982747723	0.00034495621962	0.238175196761	8.09673873112e-05	0.000641782116859	0.0110208307213	0.371577231956
Cedric Howell	0.000369362817209	0.00137011691695	0.00399354914229	0.374724439353	0.000138627506941	0.000744229902281	0.000500644761686	0.00115937769026	0.000503577815222	0.083324325971	0.000251669436345	0.0103876745412	0.00195036977566	0.000278005017596	0.0377891789145	0.354327872565	0.128186977872
Ian Chappell	0.000101467398353	0.0145298573241	0.0202851387823	0.00134452021628	0.00599219081012	0.000484432701865	0.0161434980154	0.0544881506223	0.00108136639946	0.0849416724237	0.0268416842537	3.11298137816e-05	0.0013105923279	0.000110099497235	0.500829274355	0.00124216979507	0.270242755263
Hiram Wesley Evans	0.000499145854477	0.0873740497148	0.0318853723623	7.02819852754e-05	0.0652844595643	0.10492875905	0.00137416499175	0.00655811026483	0.000106910631993	0.00526527687122	0.421193526142	0.0142479227302	0.00316658464697	2.69497597151e-05	0.000160216882816	0.000521484278979	0.257336784268
Ronnie Lee Gardner	0.00020241552308	0.0154465467947	0.00176970964502	5.2944415777e-05	0.0167090937975	0.547013552267	0.000743289507767	0.00127431605186	0.000225001106658	0.143387266619	0.0316829163068	0.0215804306125	0.000746616814824	0.00117112099006	0.00349640095054	0.00021860772499	0.214279770871
William Burges	0.485808924298	0.0365423634104	0.0148489000827	0.00409054263185	0.0100917809276	0.000446078317627	0.0386341838586	0.000680112479715	0.000361380503278	0.0221059130735	4.81571843594e-05	0.00922606135648	0.0238219903624	0.000472812176117	0.0113995453202	0.00022628912153	0.341194964896
Ernest Emerson	0.142701597828	0.179656911036	0.0221271806229	0.0383468817849	0.0035536930339	0.110217608367	0.0558358841661	0.0465997977245	0.00935952687752	0.000774422169379	0.000106370153842	2.19578249335e-05	0.000214380691239	0.0641104048902	0.0164953907239	0.063939180129	0.245938811977
Ian Dougald McLachlan	0.000236459145008	0.0660021254101	0.11198178377	0.131576947527	0.000812474003984	0.000327144599889	0.000677482451439	0.0120087055838	0.00110492018124	0.00381258630355	0.0634631948528	0.000212388215074	0.00635304837147	0.00392938579186	0.00144476023671	0.43463159988	0.161424993676
Nguyen Chanh Thi	0.000271774677818	0.000105304128734	0.000370203140779	6.92802050959e-05	0.000185897866011	0.040607162987	0.00106481617072	0.00181318749136	0.000745425387715	0.0123839717831	0.330490828779	0.000117194800662	0.0688911891055	5.18141050929e-05	0.000364419013276	0.227042013566	0.315425516792
Elwood Haynes	0.0212155212074	0.355370475929	0.0176354124079	0.0263744950984	0.000561435545637	0.0142347395368	0.000893364932595	0.000309380832589	7.00253916295e-05	0.19552588122	0.0411053744714	8.0438647145e-05	0.000178164008991	0.117316640487	0.0747223449717	0.000435357927768	0.133970947384
Robin Friday	0.00333421126565	0.000167000598494	0.00293843095408	0.00943558477674	0.00012977991223	0.0268596955051	0.000218550986378	0.00449004023057	0.00909863322059	0.0689827847009	0.00167576625745	3.28107594623e-05	0.000436396810225	8.2797143679e-05	0.441347375368	0.000340661985036	0.430429479526
Wendell H. Ford	0.000263961271675	0.197506743915	0.0535810415118	0.000561572680623	0.000204697726904	0.0194073142609	0.000331428371395	0.000432703265389	0.000273622065985	0.0349176602769	0.53844502066	4.45879241983e-05	0.000512977011991	0.00199642051355	0.0274572326599	0.0340161457765	0.0900468701079
André Kertész	0.303815645615	0.0312709561477	0.0815350716183	5.59831271711e-05	0.000546677119692	0.000372981964706	0.0795965616467	0.061474889966	0.00414229382209	0.229718927503	0.000935925017291	0.000318234732623	0.000905153717913	8.14837286661e-05	0.000298818955241	0.00124340096398	0.203686994353
Anne Hutchinson	0.000903019568273	0.000129430237251	0.000174736442805	0.0428544312162	0.0453020823556	0.0766586591535	0.00385660668038	0.00060021850123	0.000174978349638	0.145212515659	0.0584151780025	0.175402167407	0.0948347474598	0.00460463535492	0.000135423002466	2.02394090768e-05	0.3507209312
Nikolai Kulikovsky	0.000492998526575	0.0125205254333	0.00580564840816	0.0028023668002	0.000283312239059	0.0471939115287	0.000507416736553	0.000660284627707	0.000169198076561	0.401765566341	0.00334911168394	0.000891724755596	0.195079976733	0.00148507106317	0.000882739530401	0.182451290488	0.143658857028
Thomas of Bayeux	0.00317640327066	0.00348878048735	0.00370055530581	0.00013024763977	0.000395828496095	0.00793539967124	0.0011056060109	0.00163579833359	0.00461089239627	0.0104751265404	0.0123184035145	0.356780905317	0.249179521335	0.00025760868497	0.00138135592202	0.000240235057409	0.343187332016
Hygeberht	0.000103692301222	0.00764385159923	0.000422199530807	0.000180334866836	0.00128842671257	0.000695693989855	0.000457218779703	0.00119129858398	0.000386943724118	0.00117652100647	0.00343248483433	0.357678248561	0.21795310234	0.000208596916679	0.000505837985972	0.000850884965903	0.405824663301
Francis Tresham	0.00020247684466	0.000324031141988	0.0018533196191	0.000308123180436	0.000851441160417	0.265411127579	0.00154045671815	0.000575701439507	0.000452982314743	0.0660240166272	0.00271807001423	0.0384136772681	0.226084046518	0.000405803676068	0.000328701814329	0.00290657964121	0.391599444442
Luís Alves de Lima e Silva, Duke of Caxias	0.0014081210792	0.000386611807566	0.00074746340963	0.000497837563319	0.00594042036235	0.000135844407952	0.000204934778637	0.000203704406042	6.8327902563e-05	0.056532586079	0.178607209496	0.000520502680754	0.254476710592	0.000987666214691	0.000142143302849	0.229758036605	0.269381879313
Art Houtteman	7.60549308283e-05	0.000625482913857	0.000354923237279	7.7169447826e-05	0.000107791042292	0.000757101259792	0.000148130552583	0.0139115256744	0.000244788652297	0.0625063167198	0.000613409098528	3.17923204443e-05	0.000532175986939	0.0001051047327	0.719015540585	0.00120370230634	0.199688990539
Karl Aloys zu Fürstenberg	0.000171209023377	0.00121378194802	0.00269721191935	0.00983248065655	0.00172595843338	0.000433092519022	0.00065246177307	0.000806704335457	0.000654237460105	0.0132372543913	0.0029298427003	0.00164215355013	0.30062461817	0.000168305794492	0.00467567487554	0.497815100947	0.160719911503
Hastings Ismay, 1st Baron Ismay	0.000177015483299	0.00320681682948	0.126801268758	0.00131134270767	0.000256601886043	0.000147101786392	0.00115700527071	0.000876877823404	0.000292879243606	0.0344640841477	0.140358233892	0.000338168333872	0.0130625145283	4.60894640305e-05	0.000354649075016	0.254181037673	0.422968313098
Radiohead	0.00900000811595	0.0340425465607	0.00739221766143	0.000198345201431	0.0198402751515	0.00140309852434	0.00387083996473	0.0106076556428	0.708348419783	0.00120353963277	0.00918143975188	2.60766338844e-05	0.000291335356092	0.000170277191827	0.000907668406631	0.00069364566348	0.192822610758
Kroger Babb	0.0064338510879	0.176125430505	0.00508564091816	0.00341310345446	0.0210253709725	0.0272479925234	0.047964968866	0.272305614792	0.00158168128534	0.078961638444	0.000209611660246	0.00640176906342	0.000493431077746	0.000512039605257	0.0321631577702	0.000267958227222	0.319806739748
Mark Satin	0.00013710328363	0.0482505590823	0.0468197518866	0.000401213819987	0.316315566824	0.0189416583196	0.081587819378	0.000568031650914	0.00291628018337	0.0178804050181	0.187299456162	0.000131869057054	0.000419160253759	0.00014259901068	0.00352406324148	0.00448848853833	0.270175974291
Edgar Towner	0.00043195678933	0.020997569114	0.053769101244	0.106956314956	0.000256950206362	0.000665191464589	0.00339560735918	0.00394513955414	0.000421786268632	0.147724009089	0.000458837937842	0.000583885991261	0.00194349821007	0.00206142123229	0.000953280197734	0.523885014821	0.131550435565
Thomas Playford IV	0.00241652542611	0.19818246068	0.0192047034095	0.00272376232365	0.0168835571457	0.0170629237654	0.00162589099603	0.000345530773739	0.000233495740475	0.0922167506864	0.320326935756	0.00441001727432	0.000474966705318	0.00127311086526	0.000904964077834	0.021171632702	0.300542771673
Ian Meckiff	7.88615077209e-05	0.000791139435741	0.000172656736327	0.00280722416237	0.000888750881255	0.0715819355024	0.000822397250525	0.00975671599842	0.00103606290492	0.10038026176	0.0225683560535	3.73336103906e-05	0.00184668899951	4.60073777841e-05	0.461933925778	0.00639364179993	0.318858040241
Charlie Macartney	0.00437148134661	0.00239125974596	0.000445118189206	0.00482092953926	0.00529551252228	0.000141808524969	0.00140781850949	0.00253894754857	0.00701760621413	0.170029284626	0.000987272194765	9.11445662564e-05	0.000290179279987	8.87234567719e-05	0.554117020545	0.017256750603	0.228709142588
Roderic Dallas	0.000853867139014	0.00324881538978	0.0262053644389	0.254060761819	0.000305267005411	0.000407942141585	0.00268072448561	0.00192340130607	0.00755180751433	0.0445918656629	8.09637343909e-05	6.87010054009e-05	0.00155328877655	0.0346963608059	0.0847447662228	0.23129340154	0.305732701013
Jerry Pentland	0.000271703249521	0.0709751591607	0.00617322370808	0.293457977563	0.000146011938507	0.000372118378801	0.000436466517547	0.0011365319711	0.00320610170014	0.149844361639	0.00099922055855	0.00108185021708	0.00597674302651	0.000166901458652	0.0518365363616	0.269236325351	0.144682767201
Olivia Shakespear	0.0162915894618	0.000427189369388	0.000296499886706	3.10663899046e-05	0.0389795256015	0.000181685696438	0.180576540585	0.00122452659935	0.00019964225201	0.294128889499	0.00024583576816	7.58094577038e-05	0.0387500475773	7.17839344403e-05	0.000645520666645	0.00259645063089	0.425277396624
Frank Berryman	0.00402565115955	0.0328842533009	0.053743557826	0.0109133709432	0.000252827826606	0.00120499484487	0.000427671329006	0.00141356265678	0.000319643208304	0.0611863354048	0.00457365514981	0.000110016708985	0.00182406558595	0.000231407063716	0.0111293568287	0.513698192259	0.302061437904
Sid Barnes	0.000389093760253	0.0119570037708	0.000351747355161	0.00189335983693	0.000423103661452	0.0376833983839	0.0178770956964	0.00306833895998	0.0213610329224	0.139822313377	0.0052477358936	3.40400446969e-05	0.000446803655944	0.00111827779321	0.343971910834	0.00395018834848	0.410404555706
Sandra Morgan	0.000155726276512	0.00136203473528	0.0552606431659	0.000523695261088	0.00043057214457	0.00104853657753	0.000259906014883	0.0272520164359	0.00133841029278	0.116359468427	0.00177963313703	9.17480955792e-05	0.00102109039141	0.000197715518992	0.675625223843	0.000411810731687	0.116881768951
Arthur Morris	0.000114091762419	0.00271958912178	0.000518846820426	1.27082661491e-05	0.00120742556205	0.000114036180794	0.000525270730135	0.00235082680665	0.00723522270803	0.108630155196	0.0104490784392	4.75822874012e-05	0.000506550666053	9.93816477555e-05	0.542279907867	0.00700116252431	0.316188163413
Hippocrates	0.000308895376621	0.01170898216	0.0082477562305	0.000116890312341	0.18158274267	0.0065160685964	0.00190600937128	0.000492732927828	0.000496770079999	0.0341368766064	0.001985772088	0.0137808912293	0.00164232259507	0.293534280054	0.000173214178834	0.000118578058852	0.443251217465
Tom Driberg	0.00476317683235	0.000422309276235	0.0202720474644	0.00563901500337	0.00426085491904	0.0942342705759	0.120421484972	0.0181772256702	0.00199000107957	0.08634123738	0.228809615684	0.0112191496112	0.00855204361195	0.000134224654193	0.00168715933478	0.0247975916454	0.368278592285
Brunette Coleman	0.000933892069613	0.000150271287116	0.00131952308007	0.00570437520282	0.0890062004238	0.0244479715762	0.384332444046	0.0236276259981	0.00300282154969	0.0700163018852	0.00016406582338	0.00309815275765	0.0013884973762	0.00028567883546	0.00835437606342	0.0034990987359	0.38066870329
Martha Layne Collins	9.72371014021e-05	0.246269382419	0.0868335367137	9.81140509264e-05	0.000309177612751	0.052697799081	0.000104090826391	0.0336691701954	0.0002175393801	0.0434863089752	0.445045519547	7.48740034248e-05	0.0133570063625	0.000406780808334	0.00452046945779	0.000922195105543	0.0718907983597
Ray Lindwall with the Australian cricket team in England in 1948	0.00223847807061	0.00166628510375	0.000133101912389	0.0174590785961	0.000777075454968	0.00192357008795	0.000132780989417	0.000678318128925	0.00098291106609	0.0948783021999	0.000521134648263	2.97448584291e-05	0.000342152361973	0.000116645616168	0.458730268245	0.0120417965204	0.40734835614
The Orb	0.0502710557618	0.023778640234	0.000791130656683	0.00527843820819	0.0157195860142	0.00040889320574	0.0399512771297	0.00759396084694	0.57859682675	0.000551261131488	0.000676466365482	0.000217942821226	0.00020610397997	0.0226988580886	0.000198310885766	5.01559132829e-05	0.253011092007
The Supremes	0.000245637020875	0.00562779414214	0.0039255511483	3.23527556976e-05	0.000482286467507	0.00153000662724	0.000713787917579	0.101373115426	0.538217139156	0.0423059080445	0.00170948505066	9.02157084092e-05	0.00399528704929	6.34890823079e-05	0.00390593872286	0.000168839816617	0.295613165865
Keith Johnson (cricket administrator)	0.000430962666497	0.0167844625436	0.00727101241348	0.0146873590551	0.00103538650387	0.121175360026	0.0021067998862	0.0061644168563	0.0364395164394	0.0658350742477	0.0524459753377	0.000131477836931	0.00879758662204	0.000179144041809	0.183897747206	0.0425034460902	0.440114272227
Moe Berg	0.000260626794219	0.000799713210178	0.102155677306	0.000278281518135	9.57398326091e-05	0.00276762044247	0.00173768604673	0.0432509497073	0.0104648301892	0.116511901392	0.00312932769987	0.000280516785375	0.000471640504488	0.0189458904894	0.368492891358	0.0452600234748	0.285096683249
Daniel Lambert	0.0457286477426	0.0139803447751	0.000274823700131	0.011315848782	0.000155451582394	0.0246141957705	0.0070082885265	0.00279476081187	0.000635711807625	0.270159996101	0.00022209084623	0.000112687912198	0.00254041454105	0.0383733484745	0.0183628970628	0.000382705498724	0.563337786064
Thurman Tucker	0.000151919186766	0.000667388482874	0.000770062400064	7.51970357024e-05	0.000256760477794	0.000125516630154	0.000428200982009	0.0185459838801	0.000954627218925	0.0391194618881	0.000883122411286	0.000104934213473	0.000382196149485	6.90021170028e-05	0.837647251265	0.021054928577	0.0787634470844
Cynna Kydd	0.000110801736682	0.0138352779766	0.0104639656005	0.000135504069295	0.000249351483134	0.000710657278805	0.000423513849061	0.00425063856224	0.00102590425819	0.0668075978618	0.0054863018208	0.000161710267575	0.000867622887455	0.000268516526024	0.709360171093	0.000253520187702	0.185588944541
Uriel Sebree	0.00395685541297	0.000741244093267	0.0205893284547	0.351811018853	0.0159512801201	0.108271885346	0.00157020163529	0.00463120696299	0.00778090011781	0.0110618971824	0.0775025670402	0.000228266641123	0.0349823973329	0.000254796499065	0.00185235217848	0.201052118659	0.15776168347
Ion Heliade Rădulescu	0.0304751895704	0.023977352772	0.0349080520472	0.000352150687295	0.162555423372	6.46819190355e-05	0.23852671252	0.00202427869099	0.000415275175099	0.00731043549038	0.152440070744	0.000595901515368	0.0356082815025	0.000607876849704	0.0001740785839	0.00653217780183	0.303432060758
Bruce Kingsbury	9.55464982956e-05	0.0269300371576	0.00308379538646	0.0612247171679	0.000641436454354	0.000777485727773	0.00158107215839	0.00249626097243	0.0033241965557	0.170581263959	0.00125262598613	0.000170790857105	0.0269337857892	0.000465097444111	0.0237297489015	0.525171233224	0.15154090576
Manuel I Komnenos	0.00252812427202	0.0236812872685	0.000304878130509	0.0184081593818	0.00516926698379	0.000373126391434	0.000475341957364	0.000277125132206	0.000108092514405	0.00399309505633	0.0101618895034	0.0179754329255	0.525731426402	2.3880817293e-05	0.00548370377133	0.02374370673	0.361561462762
James Rowland (RAAF officer)	0.000756227186108	0.0120019585641	0.144275368423	0.156745763284	0.00107873547146	0.031853828307	0.00047924404016	0.00132424327765	0.000540843300207	0.0283363031444	0.117466075332	0.000146752674561	0.0189516341813	0.00136686455061	0.00274529349721	0.246027156415	0.235903708352
Émile Lemoine	0.00202303505804	0.00135561933569	0.187749068474	0.000509940258615	0.0823082463297	0.000165966612952	0.000888142818215	0.0018857158116	0.0120807021747	0.00710451333096	0.021811415659	0.000220061537078	0.000747492355662	0.484242828965	0.00233731520875	0.00332245226601	0.191247483804
Oswald Watt	0.00285878294878	0.0182518318926	0.101283265053	0.187571891307	0.000454061832368	0.00142648250526	0.004089556595	0.00132888031483	0.000255411579516	0.140905293788	0.0135026740211	0.00156736824593	0.000853686980012	0.000773724184999	0.00212553704414	0.27655302044	0.246198531268
Happy Chandler	0.000153123965196	0.0981359895721	0.0119046891128	2.13231263419e-05	0.000654356707693	0.0398866920234	0.000519670427487	0.00215456369049	0.000112649578743	0.0506930265952	0.484083201885	0.0020930202643	0.00209625492103	2.00202243774e-05	0.09247491331	0.00713808830833	0.207858416287
Nikita Filatov	0.000442337750611	0.00828674013991	0.00652049099128	0.00347565978477	0.0149045195602	0.00180882746261	0.000406303138835	0.00067541218807	0.000557922858545	0.00128671690156	0.0196237781242	0.000695943134986	0.0028226985323	0.000289114094771	0.780920093704	0.000521457060231	0.156761984573
Hermann Detzner	0.00017612623852	0.000323114320831	0.0381998071944	0.237570230449	0.0268130749781	0.0232494046893	0.0585757438231	0.00205253700067	0.00461540135597	0.00475751458358	0.0126266915917	0.000357822285758	0.0513557578014	0.027718818037	0.000325590235257	0.112394863994	0.398887501422
Sam Loxton with the Australian cricket team in England in 1948	0.000281139027999	0.00214605565679	0.000211365006896	0.00203650112128	0.000564186759414	0.000271627950548	0.000125950623253	0.00437901673538	0.00420233806498	0.103034581925	0.00345960613073	0.000151007134108	0.00135464796804	3.42907156195e-05	0.5664813912	0.023707154824	0.287559139156
Albertus Soegijapranata	0.000215675364793	0.0171130185583	0.118028640667	0.000247510289898	0.020890465521	0.0085000084298	0.0117718666035	0.00319536631783	0.00671310086029	0.129562298341	0.154145356005	0.207048309164	0.0470687054404	0.000265794552501	0.000317941903636	0.08570572572	0.189210216261
Kevin O'Halloran	0.000585536152575	0.0472913650976	0.00739369057194	0.0171250827635	0.00123966105578	0.00373080460333	0.000291222756882	0.00193654290523	0.000886120678258	0.159106847255	0.00201569306712	9.36470878107e-05	0.00873876865336	0.000300065936543	0.628253333365	0.00576113694255	0.115250481108
Sex Pistols	0.0109501196297	0.016682376633	0.00205372991711	0.00164274805577	0.0514046760716	0.0448582622047	0.00462623455299	0.036463777991	0.340363463874	0.0198805626833	0.0143531551295	5.3910619547e-05	0.00333421842565	6.12199534109e-05	0.000191560848088	0.000404029342134	0.452675954069
John Day (printer)	0.0473492300129	0.196253845717	0.00959008582205	0.000195358480418	0.0004915211383	0.0456365333905	0.225958573912	0.00253599676699	0.014728748402	0.0236964798622	0.000936216188935	0.0744564103024	0.0597286506865	0.00145524356616	0.00929869726205	0.000421547922077	0.287266860567
Abdul Karim (the Munshi)	0.00652356579389	0.000437752994356	0.00859121467961	8.47692773269e-05	0.000836470847357	0.0526990664535	0.0155606831501	0.000495690044324	7.96021338394e-05	0.138215696418	0.0303444161403	0.00069093067115	0.105225526105	0.00795255202659	0.000291934715843	0.0271895100696	0.604780618479
Masako Katsura	0.0376760835733	0.000223340076103	0.00295909062742	0.0057022368895	0.00559294028398	0.000755917709091	0.00215898872291	0.0510943848136	0.00264811714376	0.150969580107	0.000104624510997	0.000257518073944	0.000820969346201	0.000591193109415	0.532470710089	0.00197789962729	0.203996405296
James Garrard	0.000304083144569	0.0494212868382	0.00141905481152	0.00495191043675	0.00016068474632	0.0351576640283	0.000271092694582	0.000470268102395	0.00075972905476	0.0815239184228	0.535558000207	0.0298718991973	0.0593190556923	6.34427856934e-05	0.000254964932637	0.00944715900318	0.191045785902
Learned Hand	0.000502522413996	0.0126837927617	0.0183651034096	0.00224539011466	0.155784307896	0.111796717302	0.0370389293618	0.00157064123587	0.000357648901451	0.0575020948288	0.240481253276	2.96520993485e-05	0.00716059491848	8.70512567744e-05	0.000610446186842	0.000251678497195	0.353532175539
Alexander Cameron Rutherford	0.000349726079008	0.165291477054	0.0718543903723	0.000467444887009	0.000123860408626	0.00210661038791	0.000287394871164	0.000562063390539	9.58171675909e-05	0.10875354954	0.384929298128	0.000468578689005	0.0297225728344	0.000264671169629	0.00110156141033	0.000275967596292	0.233345016015
Kevin Pietersen	4.09975137562e-05	5.50990651735e-05	0.000175555660002	8.86656951376e-05	0.000104079849256	0.00685718498925	0.0100974330295	0.0142798225993	0.00317662911454	0.0533987885272	0.0113764418243	5.78456009084e-05	0.000166039629805	5.58902226985e-05	0.619986164185	4.19645471324e-05	0.280041397948
Sudirman	0.00046014216377	0.00578233325368	0.0731244198428	0.0138261160335	0.000237026217618	0.0168802478633	0.00019506381432	0.0149595946479	0.000403598811593	0.0910171450908	0.180627411998	0.0210138680351	0.0444405956443	7.41358643335e-05	0.00199799954061	0.328903404344	0.206056896834
Angus Lewis Macdonald	0.00426467196356	0.131932168707	0.0530303343607	0.0241735758905	0.0122138371679	0.00176895316208	0.000244239905951	0.00292355403451	0.000877765492273	0.0364877063996	0.388091023906	3.55999654997e-05	0.00805290810717	4.71747713882e-05	0.00857244674661	0.0396887185714	0.287595320847
Nikita Zotov	0.000353583590889	0.000417684190483	0.12325345507	0.00143027306752	0.000544776949209	0.00121339506658	0.00416508338866	0.00272767219167	0.00254305406564	0.142254272584	0.0104090025527	0.046273320167	0.248556219657	0.000110722423773	0.0171921196917	0.0163158871466	0.382239478197
Elias Ashmole	0.0506076316342	0.000384456675968	0.0610575641166	0.00252310763528	0.0189582098952	0.00857915949479	0.0668773205675	0.000417929057718	0.000896851766499	0.0896363532297	0.0819990521031	0.0128454090667	0.119348448955	0.05236046478	0.000605055035508	0.0361874619052	0.396715524081
Coenwulf of Mercia	0.0130243720075	0.0153064228883	0.000271905832317	6.4167208284e-05	0.000228803512419	0.000112589364478	0.000436756889861	0.00134554107211	0.000206396718717	0.00137207395081	0.00297883031079	0.0923540261934	0.490669008703	4.36717713678e-05	0.000425376021457	8.26256102923e-05	0.381077431945
William Garrow	0.000325338345708	0.00491529738511	0.0701215145304	8.37765787247e-05	0.0255807496069	0.292074604956	0.00662562189986	0.0183804921951	0.000648542867816	0.118825505943	0.135190704841	0.000428155824737	0.0205552145418	0.0014644522662	0.00152194617015	0.000270889612138	0.302987192436
James Tod	0.00627024742994	0.00125027889281	0.156406028537	0.0254317728522	0.154607498049	0.000297834266761	0.0656727768634	0.000617466207612	0.00018385065161	0.00676197767751	0.0224504154951	0.00077909047656	0.143890015809	0.000815005305907	0.000268743504188	0.0305172988367	0.383779699145
John Edward Brownlee as Attorney-General of Alberta	6.38804227974e-05	0.162518462952	0.00313182917914	0.00864289937699	0.00324634711385	0.0553653852039	0.000400291351955	0.000266274608468	0.00383711315325	0.0030368692232	0.413327359392	3.31118681281e-05	0.000843445207239	0.000139133333325	0.000337670793067	0.000176025364244	0.344633901457
Colin Hannah	0.0192474621949	0.0019542642411	0.0395473256742	0.0951457847727	0.000493955596773	0.0100467848625	0.000451230206921	0.00638388900963	0.00562762669925	0.0145143946607	0.147904285125	0.000117781050759	0.0299115371715	0.00101806960708	0.00178318762379	0.343854861243	0.28199756026
Flea (musician)	0.000187944771631	0.00021969779209	0.00128800545235	1.6133228788e-05	0.0214816052507	0.00219654469902	0.000235789532328	0.0800811293075	0.481119277558	0.0415336289088	0.00011829723364	2.59224182434e-05	0.000936180170208	0.000169270182779	0.000402288114076	7.74593445265e-05	0.369910826035
Pericles	0.000603444095356	0.0191925162866	0.000185148055958	0.00898501824054	0.0677612781473	0.00278974828967	0.0177776954316	0.000956029106741	0.000287525494192	0.00348201404939	0.145055928211	0.00190947490015	0.270654310871	0.000128520693587	0.000704477508552	0.0141092258069	0.445417644812
Bill O'Reilly (cricketer)	0.000622615932826	0.004825436626	0.0268533348001	0.00439739016867	0.00266264964913	0.000104763496213	0.00751342837821	0.00265251986844	0.000246127580735	0.233215128294	0.0131179808887	0.000131053194459	9.72855666386e-05	0.0012828675935	0.391979784576	0.0172869864275	0.293010646959
Wail al-Shehri	0.00112649670346	0.00575318936946	0.0652005507094	0.157082273155	0.00379453902795	0.305003234132	0.00143775377112	0.022345593091	0.00125185014852	0.236687205343	0.0306874263549	0.00568642628417	0.00341158767721	0.000232700717339	0.000449085308961	0.0141747730005	0.145675315206
Henry Cornelius Burnett	0.00498084429526	0.00175546455134	0.00102953651285	0.000130589816705	0.000236023950313	0.0775214659836	0.000438325422655	0.00137202171987	0.000494665240019	0.0528315403629	0.54206511149	8.06078857205e-05	0.00620843998534	0.000204670643048	0.00693411799563	0.100768639334	0.202947934811
Bob Dylan	0.0318147801456	0.00180660986857	0.000471362525074	0.000580407711632	0.0323792510911	0.00716816286999	0.0806569990479	0.0681146393927	0.439153553189	0.0288976516145	0.000147179652448	0.0123027196908	0.000249655666286	0.000810160041531	0.00019638269352	0.000988768281903	0.294261716518
Scott Zolak	0.000166308490429	0.000116918531281	0.0161682248154	0.000444951775038	0.000294292838719	0.000827014421036	0.000305943029261	0.0733189416431	0.0014380024379	0.00442963647532	0.000228582312259	6.41038226626e-05	0.000524317102501	0.000184084071737	0.798442986246	0.000660561946153	0.102385130041
Ray Farquharson	0.000167692357275	0.0285882208692	0.430050700222	0.000100293248102	0.0273419852195	0.0279004332833	0.00126967342118	0.000984302282321	0.0029497796962	0.0889546093715	0.0325783477135	0.000105026647922	0.00124324320953	0.248431855301	0.000826551229684	0.0875995175594	0.0209077683681
Rex Ryan	0.000120039255078	0.006362469275	0.0448784658296	8.00812652013e-05	0.0271120470468	0.00162023878157	0.000291209136943	0.0145691220178	0.000824524080089	0.0218742845249	0.00093731447323	8.1929618879e-05	0.000417280280602	0.000349638710864	0.625284195553	0.00105001406021	0.25414714609
The Turk	0.0555096102099	0.0511879109689	0.000663883507083	0.0113519094678	0.00474119606039	0.00191223602774	0.0704416988583	0.0320997332586	0.000438024558973	0.013274680436	0.0236937218092	0.000480969978927	0.0114624496427	0.156969499012	0.165729784939	0.00184804178981	0.398194649475
Premiership of John Edward Brownlee	6.99046949853e-05	0.212738626411	0.000662767350316	0.000400433357092	0.0236734050793	0.0483835252014	0.000138183627684	0.000590123831126	0.000591883331161	0.0198224013014	0.355856074762	0.000123013317481	0.00472195262011	0.00380966003405	0.000166099783742	0.000342920689375	0.327909024608
Military career of Hugo Chávez	0.000698553163493	0.096802428411	0.0159470267157	0.000401083009045	0.031864120416	0.0280130362692	0.0120803828253	0.00358494039335	0.000141089023939	0.0289979836194	0.275276325352	0.00617947309471	0.00694946556998	0.00127818701949	0.0185778759987	0.21647175532	0.256736273798
Christopher Smart's asylum confinement	0.000109324474522	0.000419889673271	0.000368477930667	8.97932852538e-05	0.146367196326	0.0834002967253	0.165107901104	0.00105448051207	0.000277865183093	0.048025016162	0.00800341247246	0.0339582047292	0.000522218492151	0.0205230096453	0.000421711086839	0.000212403437689	0.491138798761
Eadbald of Kent	0.000148651058209	0.0111556755622	0.00103713812105	9.91689327557e-05	0.000435840567102	0.000891679178139	0.000664642521859	0.00103335081334	0.000446787545035	0.00119550990762	0.000535791514173	0.136050232045	0.295182203954	0.000128953795158	0.000163230821909	0.000236209706479	0.550594933956
Francis Walsingham	0.000125403058306	0.0158941372313	0.0180303025032	0.0169683010162	0.0154854878537	0.107232332474	0.0125438054006	0.00704140409923	0.00016318341732	0.0384254757394	0.0826524162818	0.00809332765332	0.28238806468	0.00104919671951	0.00177629654066	0.0479179720339	0.344212893298
Hector Waller	8.2812284907e-05	0.000369094910267	0.0346913618198	0.25345435039	0.000319429726396	0.000851252437291	0.000838186010163	0.0361038379569	0.000634238414251	0.102080441019	0.00037612618871	0.000177592949461	0.00270795504016	7.78986735291e-05	0.0124072470502	0.414762700387	0.140065474742
Alister Murdoch	0.000159063154919	0.0624479451762	0.0163532464615	0.19204407925	0.000707549846157	0.000350776653731	0.000612855266723	0.00186949450141	0.00245276266508	0.014937747568	0.102267876191	0.000137288426801	0.00777606915788	0.000181925742278	0.0163877770808	0.325910189386	0.255403353472
Keith Miller with the Australian cricket team in England in 1948	0.00109329386355	0.000193898245362	0.000106577770009	0.00991875717734	0.000230496277171	0.00456188720741	0.00083589555789	0.00721628236021	0.00325121405574	0.073830403287	0.00266212176995	2.89937018227e-05	0.00295670762871	2.10484208125e-05	0.483442030552	0.0180785385208	0.391571853604
Guy Bradley	0.00113178797625	0.023664806841	0.00582061450198	0.137599690655	0.000207960982829	0.186930162548	0.0193122475743	0.00545059129143	0.000451408992911	0.259763430425	0.032061403534	0.0010395118169	0.037140347178	0.0837399326328	0.0209928332472	0.0025981587308	0.182095111072
Herbert Greenfield	5.33580028537e-05	0.140328379087	0.00511685404423	0.00743371141187	0.0031319216026	0.0180243018382	0.00021506235918	0.000313194977055	0.000149509216605	0.0712259959869	0.438270107556	2.23045988803e-05	0.00294065040782	6.26247152566e-05	0.001407722883	0.00815737234269	0.30314692897
Melford Stevenson	0.000178824289542	0.000423717666071	0.0380157759385	0.0192295301035	0.00478644408096	0.311497208024	0.00216281494557	0.00651430148358	0.00189006794978	0.124352789117	0.159744688938	0.000664928558385	0.00638624185547	0.00132116931987	0.00267430616975	0.0382812284399	0.28187596312
Luke P. Blackburn	0.00173118268138	0.0873494641181	0.00034668714214	0.0200311260869	0.000118949364168	0.185287738378	0.000416679490202	0.000586267734961	8.51736542836e-05	0.166162102427	0.200129961984	0.00159218380207	0.033097775059	0.0693742000945	0.000873287275211	0.0473803563117	0.185436864397
Tarrare	5.48977165131e-05	0.000264278448061	0.00038031634997	0.0213799414835	0.000309750353117	0.073021653061	0.000516450297785	0.0034333588842	0.00292911422824	0.0738053886822	0.000190543779134	0.000960484619573	0.000619213502691	0.130169113868	0.000228607410911	0.096054193957	0.595682693358
Benjamin Franklin Tilley	0.000523873314359	0.0177936345882	0.0180320242717	0.160755772053	0.00129290568859	0.04502672784	0.00135409682973	0.00110970945035	0.000803855798858	0.0756883843086	0.143522872133	0.0012497121433	0.193357448192	0.000591968783453	0.00114535917657	0.220448340684	0.117303314744
Beorhtwulf of Mercia	0.0137051307287	0.0262883501355	0.00059233963969	0.00181564463549	0.000881445622518	0.00990444260049	0.00124392625718	0.00235912247174	0.00236546119592	0.00209333974086	0.000716315371779	0.0243186809522	0.462368831516	0.000201329697878	0.0013678121318	0.000535918176685	0.449241909126
Peter Warlock	0.0246797238046	0.0015802749652	0.0457432604068	0.000102478447002	0.0428961481687	0.0169169892616	0.135956991041	0.000606528779507	0.233624123691	0.128197749979	0.00144681936692	0.000103557400915	0.00271171305015	0.000920651428929	0.00244953432098	0.000334272973221	0.361729182914
David Evans (RAAF officer)	0.00010077327768	0.0476150959602	0.0907265368101	0.209748653974	0.0180471472771	0.000268520103519	0.00137170432357	0.00199782646692	0.00110097019834	0.0194529846216	0.0863883005701	0.000818748674231	0.00288807877335	0.00488296562475	0.00817898595922	0.307668588035	0.19874411935
Don Tallon	0.00109579850802	0.000796133485472	0.00078722702689	0.00494979655039	0.000105654855566	0.00220142250535	0.000184426935639	0.0062890801782	0.00455852326504	0.0940562404226	0.0068959021951	3.30628665714e-05	0.000202937365142	4.64956030681e-05	0.602599115985	0.0100666205548	0.265131561697
