#article_name 	topic_name1,topic_prop1	topic_name2,topic_prop2...
A._E._J._Collins	cricket,0.3576086956521739	family,0.20108695652173914	military,0.13369565217391305	politics,0.09130434782608696	sports,0.08369565217391305	royalty,0.042391304347826085	literature,0.029347826086956522	explorers,0.02717391304347826	music,0.02608695652173913	church/royalty,0.007608695652173913
Aaron_Sorkin	literature,0.48700641241984477	family,0.21700978737765778	music,0.11171110361120486	sports,0.06378670266621667	politics,0.05636179547755653	military,0.022612217347283158	royalty,0.017887276409044885	explorers,0.01282483968950388	cricket,0.008774890313871077	church/royalty,0.0020249746878164025
Abbas_Kiarostami	literature,0.5678906917164817	family,0.27867919157415316	music,0.05863933959578708	politics,0.023341873042983206	explorers,0.020779960148021633	sports,0.017079419299743808	church/royalty,0.01138627953316254	military,0.009962994591517222	cricket,0.007685738684884714	royalty,0.004554511813265016
Abdul_Karim_(the_Munshi)	royalty,0.45597014925373136	family,0.35895522388059703	explorers,0.06716417910447761	literature,0.05335820895522388	politics,0.030223880597014925	military,0.01082089552238806	sports,0.007835820895522387	cricket,0.0070895522388059705	music,0.004477611940298508	church/royalty,0.004104477611940298
Abu_Nidal	explorers,0.492686494392979	family,0.29692832764505117	military,0.09117503656752804	literature,0.0348610433934666	politics,0.03266699171136031	church/royalty,0.015358361774744027	royalty,0.012676743052169674	sports,0.008532423208191127	music,0.0078010726474890294	cricket,0.007313505607020965
AC_DC	sports,0.11538461538461539	military,0.11538461538461539	literature,0.09615384615384616	explorers,0.09615384615384616	music,0.09615384615384616	church/royalty,0.09615384615384616	family,0.09615384615384616	politics,0.09615384615384616	royalty,0.09615384615384616	cricket,0.09615384615384616
Adam_Gilchrist	cricket,0.7555410691003911	family,0.10278139939156888	sports,0.09169926119078661	politics,0.018687527162103434	literature,0.007822685788787484	music,0.00651890482398957	military,0.0047805302042590175	royalty,0.004345936549326379	explorers,0.003911342894393742	church/royalty,0.003911342894393742
Adelaide_Anne_Procter	literature,0.4930156121610518	family,0.294987674609696	royalty,0.08463434675431389	music,0.03368940016433854	politics,0.031224322103533278	church/royalty,0.020542317173377157	military,0.01725554642563681	sports,0.013968775677896467	explorers,0.005751848808545604	cricket,0.0049301561216105174
Adolfo_Farsari	literature,0.5150624540778839	family,0.26671565025716387	explorers,0.05878030859662013	music,0.05804555473916238	military,0.03159441587068332	politics,0.019103600293901544	royalty,0.019103600293901544	church/royalty,0.01322556943423953	sports,0.011756061719324026	cricket,0.006612784717119765
Adrian_Boult	music,0.5397614314115308	family,0.2276341948310139	royalty,0.06792577866136515	literature,0.04440026507620941	military,0.04108681245858184	sports,0.02584493041749503	politics,0.025182239893969515	cricket,0.017229953611663355	explorers,0.0066269052352551355	church/royalty,0.004307488402915839
Adrian_Cole_(RAAF_officer)	military,0.7531347962382445	family,0.10109717868338558	politics,0.03526645768025078	royalty,0.025078369905956112	explorers,0.023510971786833857	cricket,0.02115987460815047	sports,0.014106583072100314	literature,0.0109717868338558	music,0.009404388714733543	church/royalty,0.006269592476489028
Aeneas_Mackintosh	explorers,0.5447582575394926	family,0.2929631402584969	military,0.04164672091910005	literature,0.030636668262326472	cricket,0.022498803255146003	politics,0.02202010531354715	royalty,0.02106270943034945	sports,0.011010052656773576	music,0.006701771182383916	church/royalty,0.006701771182383916
Afonso,_Prince_Imperial_of_Brazil	church/royalty,0.35365853658536583	family,0.2759146341463415	royalty,0.19054878048780488	literature,0.05945121951219512	military,0.0350609756097561	politics,0.027439024390243903	sports,0.018292682926829267	explorers,0.018292682926829267	cricket,0.012195121951219513	music,0.009146341463414634
Ahmose_I	church/royalty,0.6185883384480491	family,0.2099956159579132	literature,0.06049978079789566	explorers,0.0263042525208242	royalty,0.021481806225339763	music,0.02104340201665936	politics,0.01841297676457694	military,0.012275317843051293	cricket,0.00657606313020605	sports,0.004822446295484437
Alain_Prost	sports,0.6874424316856003	family,0.20325452870739943	explorers,0.025176542830825915	military,0.021492170709241632	cricket,0.015044519496469143	royalty,0.013509364445809026	literature,0.01289530242554498	politics,0.007982806263432606	music,0.007061713233036537	church/royalty,0.006140620202640466
Albert,_Prince_Consort	royalty,0.5382899628252789	family,0.25576208178438664	literature,0.06802973977695168	politics,0.05055762081784387	military,0.03494423791821561	church/royalty,0.017100371747211896	sports,0.01412639405204461	cricket,0.007806691449814126	music,0.007063197026022305	explorers,0.006319702602230483
Albert_Kesselring	military,0.6278713629402757	family,0.23464352560830357	politics,0.044070103794452954	church/royalty,0.033180193976518634	royalty,0.020588735749532076	explorers,0.01854687765866939	literature,0.008677896886166412	sports,0.004764335545346265	music,0.00408371618172537	cricket,0.0035732516590096988
Albert_Speer	family,0.367156862745098	military,0.3656862745098039	literature,0.1053921568627451	politics,0.0784313725490196	explorers,0.023284313725490197	church/royalty,0.020098039215686276	royalty,0.018137254901960786	cricket,0.009558823529411765	sports,0.006862745098039216	music,0.005392156862745098
Alboin	church/royalty,0.6223849372384938	family,0.25627615062761505	royalty,0.028242677824267783	explorers,0.02405857740585774	sports,0.01778242677824268	politics,0.016387726638772665	military,0.012203626220362623	literature,0.010460251046025104	cricket,0.007322175732217573	music,0.0048814504881450485
Alcibiades	church/royalty,0.47004722843649016	family,0.3348247576435496	military,0.053691275167785234	explorers,0.04449415858811832	politics,0.04325130499627144	literature,0.02535421327367636	sports,0.010937111608252548	royalty,0.00820283370618941	cricket,0.00571712652249565	music,0.003479990057171265
Aldfrith_of_Northumbria	church/royalty,0.7174044875682232	family,0.12067919951485749	royalty,0.07580351728320193	literature,0.02850212249848393	cricket,0.013947847180109158	music,0.01212856276531231	explorers,0.010915706488781079	military,0.007883565797453002	politics,0.0066707095209217705	sports,0.006064281382656155
Alexander_Cameron_Rutherford	politics,0.644200173560891	family,0.23170378941278566	royalty,0.03557998264391091	literature,0.031819496673416256	military,0.013306334972519526	church/royalty,0.011859994214636968	sports,0.010702921608330923	cricket,0.008967312698871854	explorers,0.008388776395718832	music,0.0034712178189181373
Alexander_of_Lincoln	royalty,0.7730851825340014	family,0.07659269863994274	church/royalty,0.06299212598425197	military,0.020758768790264854	politics,0.015748031496062992	sports,0.015032211882605583	literature,0.015032211882605583	explorers,0.007874015748031496	music,0.006442376521116679	cricket,0.006442376521116679
Alexandra_of_Denmark	royalty,0.5262708244340025	family,0.2815036309269543	literature,0.04527979495941905	military,0.04186245194361384	politics,0.023067065356685176	church/royalty,0.021785561725758223	explorers,0.018795386586928663	music,0.016232379325074753	cricket,0.014096539940196497	sports,0.011106364801366937
Alexandre_Banza	explorers,0.5206073752711496	family,0.25813449023861174	politics,0.09761388286334056	military,0.049168474331164135	church/royalty,0.018076644974692697	music,0.014461315979754157	cricket,0.01373825018076645	royalty,0.011569052783803326	sports,0.010845986984815618	literature,0.005784526391901663
Alexis_Bachelot	explorers,0.4757914338919926	family,0.2011173184357542	royalty,0.15549348230912477	church/royalty,0.06238361266294227	literature,0.027932960893854747	military,0.023277467411545624	politics,0.019553072625698324	music,0.01303538175046555	sports,0.0111731843575419	cricket,0.010242085661080074
Alfred_Russel_Wallace	literature,0.48511415525114154	family,0.33315068493150685	explorers,0.06319634703196347	politics,0.0445662100456621	royalty,0.03525114155251142	military,0.012054794520547946	church/royalty,0.01004566210045662	cricket,0.005844748858447489	music,0.005479452054794521	sports,0.0052968036529680365
Alice_Ayres	family,0.3746922698178237	literature,0.31462333825701627	royalty,0.09059576563269325	military,0.07040866568193008	politics,0.060561299852289516	explorers,0.035942885278188084	sports,0.021664204825209258	church/royalty,0.012309207287050714	cricket,0.009847365829640572	music,0.009354997538158542
Alice_in_Chains	music,0.7552351527634741	family,0.1678681771369722	explorers,0.021283899759697907	sports,0.015104703055269482	politics,0.013731548232063165	literature,0.006865774116031583	royalty,0.0054926192928252664	cricket,0.005149330587023687	military,0.004806041881222108	church/royalty,0.004462753175420529
Alister_Murdoch	military,0.7517630465444288	family,0.14950634696755993	politics,0.02538787023977433	royalty,0.015514809590973202	explorers,0.014809590973201692	cricket,0.014809590973201692	sports,0.010578279266572637	literature,0.00846262341325811	church/royalty,0.004936530324400564	music,0.004231311706629055
Ambrose_Rookwood	royalty,0.5371621621621622	family,0.2956081081081081	explorers,0.06672297297297297	music,0.019425675675675675	church/royalty,0.019425675675675675	military,0.016047297297297296	literature,0.015202702702702704	politics,0.014358108108108109	sports,0.010135135135135136	cricket,0.0059121621621621625
Andrew_Cunningham,_1st_Viscount_Cunningham_of_Hyndhope	military,0.5989469065379552	family,0.20052654673102238	royalty,0.08336989907854322	explorers,0.03992979376919702	politics,0.017112768758227294	literature,0.016235190873189996	church/royalty,0.014480035103115402	sports,0.013163668275559455	cricket,0.010530934620447565	music,0.005704256252742431
André_Kertész	literature,0.5510009532888466	family,0.23260247855100094	explorers,0.06387035271687322	music,0.03098188751191611	royalty,0.030505243088655862	politics,0.02478551000953289	military,0.021448999046711152	sports,0.02001906577693041	church/royalty,0.016205910390848427	cricket,0.008579599618684462
Angus_Lewis_Macdonald	politics,0.5362204724409448	family,0.26325459317585304	royalty,0.050131233595800524	military,0.049606299212598425	explorers,0.03359580052493438	literature,0.025984251968503937	cricket,0.01627296587926509	sports,0.011286089238845144	music,0.009448818897637795	church/royalty,0.004199475065616798
Ann_Bannon	literature,0.5533216783216783	family,0.3586829836829837	music,0.021853146853146852	politics,0.019230769230769232	explorers,0.017773892773892772	sports,0.01078088578088578	military,0.007284382284382284	cricket,0.004662004662004662	royalty,0.003787878787878788	church/royalty,0.0026223776223776225
Anna_Laetitia_Barbauld	literature,0.5654782915637134	family,0.26826685492410873	politics,0.049417578538651606	royalty,0.049417578538651606	church/royalty,0.026826685492410872	explorers,0.012354394634662902	cricket,0.010589481115425344	music,0.007765619484645252	sports,0.0056477232615601836	military,0.004235792446170138
Anna_May_Wong	literature,0.6039829302987197	family,0.23726884779516358	music,0.03869132290184922	explorers,0.032147937411095305	sports,0.02930298719772404	royalty,0.01849217638691323	politics,0.013940256045519203	military,0.013655761024182077	cricket,0.007396870554765292	church/royalty,0.005120910384068279
Anna_of_East_Anglia	church/royalty,0.7627906976744186	family,0.0937984496124031	royalty,0.06511627906976744	politics,0.01937984496124031	literature,0.01627906976744186	sports,0.013953488372093023	music,0.008527131782945736	explorers,0.007751937984496124	military,0.006201550387596899	cricket,0.006201550387596899
Anne_of_Denmark	royalty,0.5233118971061094	family,0.34686495176848875	literature,0.0409967845659164	church/royalty,0.023311897106109324	explorers,0.02009646302250804	sports,0.010852090032154342	military,0.01004823151125402	music,0.01004823151125402	politics,0.008038585209003215	cricket,0.006430868167202572
Anton_Chekhov	literature,0.440320962888666	family,0.35255767301905716	royalty,0.06168505516549649	music,0.04312938816449348	military,0.031093279839518557	explorers,0.03009027081243731	church/royalty,0.01805416248746239	politics,0.01053159478435306	sports,0.007522567703109328	cricket,0.0050150451354062184
Archie_Jackson	cricket,0.661046511627907	family,0.22093023255813954	royalty,0.022674418604651164	politics,0.020930232558139535	explorers,0.01744186046511628	literature,0.015697674418604653	music,0.013953488372093023	sports,0.011046511627906977	military,0.011046511627906977	church/royalty,0.005232558139534884
Arrest_and_assassination_of_Ngo_Dinh_Diem	explorers,0.5214408233276158	family,0.3133218982275586	politics,0.07318467695826186	military,0.05460263007432819	royalty,0.012292738707833047	music,0.00686106346483705	sports,0.006003430531732418	church/royalty,0.005431675242995998	cricket,0.0037164093767867354	literature,0.0031446540880503146
Art_Houtteman	sports,0.7424892703862661	family,0.1427038626609442	politics,0.024141630901287552	cricket,0.023605150214592276	explorers,0.02092274678111588	military,0.017703862660944206	literature,0.009656652360515022	music,0.009656652360515022	church/royalty,0.004828326180257511	royalty,0.004291845493562232
Art_Ross	sports,0.7498795180722891	family,0.12433734939759036	politics,0.04144578313253012	military,0.030361445783132532	literature,0.01253012048192771	cricket,0.00963855421686747	music,0.009156626506024097	royalty,0.009156626506024097	explorers,0.008674698795180723	church/royalty,0.004819277108433735
Arthur_Morris	cricket,0.8005312726394591	family,0.13644047331562426	sports,0.013764791113257667	politics,0.01207437816952427	military,0.009176527408838444	music,0.007486114465105047	royalty,0.005795701521371649	church/royalty,0.005554213957981164	literature,0.005312726394590679	explorers,0.003863801014247766
Arthur_Percival	military,0.5745379876796715	family,0.23080082135523614	royalty,0.06365503080082136	explorers,0.04271047227926078	cricket,0.027104722792607804	literature,0.024640657084188913	politics,0.014373716632443531	church/royalty,0.00862422997946612	music,0.008213552361396304	sports,0.0053388090349075976
Arthur_Sifton	politics,0.6502873563218391	family,0.2508620689655172	royalty,0.03333333333333333	military,0.015229885057471264	literature,0.01293103448275862	sports,0.010632183908045977	church/royalty,0.009770114942528735	cricket,0.008620689655172414	explorers,0.00603448275862069	music,0.0022988505747126436
Aspasia	church/royalty,0.47878787878787876	literature,0.22848484848484849	family,0.20606060606060606	politics,0.02909090909090909	military,0.015151515151515152	royalty,0.012121212121212121	explorers,0.009696969696969697	music,0.007272727272727273	cricket,0.007272727272727273	sports,0.006060606060606061
Assassination_of_William_McKinley	family,0.47648996705600477	politics,0.36028751123090746	explorers,0.053608864929619644	literature,0.026954177897574125	military,0.02365977837675951	sports,0.016771488469601678	music,0.016771488469601678	cricket,0.014375561545372867	royalty,0.006289308176100629	church/royalty,0.004791853848457622
Attalus_I	church/royalty,0.5736102626756261	family,0.22602321319486865	military,0.05742211362248015	explorers,0.05131337813072694	cricket,0.020769700671960906	sports,0.020158827122785584	politics,0.0177153329260843	royalty,0.016493585827733658	literature,0.011606597434331093	music,0.004886988393402566
Audioslave	music,0.6352128883774454	family,0.24242424242424243	politics,0.038358266206367474	explorers,0.024165707710011506	sports,0.015726889144610665	military,0.013425393172228616	literature,0.012658227848101266	church/royalty,0.00728807057920982	royalty,0.005370157268891446	cricket,0.005370157268891446
Augusta,_Lady_Gregory	literature,0.4866785079928952	family,0.17229129662522202	royalty,0.14209591474245115	church/royalty,0.050621669626998225	military,0.037300177619893425	explorers,0.03019538188277087	cricket,0.02930728241563055	politics,0.02575488454706927	music,0.016873889875666074	sports,0.008880994671403197
Augustine_of_Canterbury	church/royalty,0.6592797783933518	family,0.1706371191135734	royalty,0.09196675900277008	military,0.020498614958448753	literature,0.019390581717451522	explorers,0.011634349030470914	sports,0.00886426592797784	music,0.006648199445983379	cricket,0.006648199445983379	politics,0.00443213296398892
Augustus_Owsley_Stanley	politics,0.7550644567219152	family,0.1497851442602824	literature,0.029465930018416207	sports,0.01596071209330878	royalty,0.011049723756906077	church/royalty,0.010435850214855739	military,0.008594229588704727	music,0.007366482504604052	explorers,0.006138735420503376	cricket,0.006138735420503376
Austin_Nichols	literature,0.3799126637554585	sports,0.21615720524017468	family,0.19323144104803494	explorers,0.055676855895196505	music,0.05349344978165939	military,0.03056768558951965	politics,0.02947598253275109	cricket,0.016375545851528384	royalty,0.013100436681222707	church/royalty,0.012008733624454149
Ayumi_Hamasaki	music,0.616530156366344	family,0.22089848597666914	literature,0.09431620749565649	sports,0.020600645321419708	military,0.013899230578307272	royalty,0.008190618019359643	explorers,0.007942417473318442	cricket,0.007446016381236039	politics,0.005956813104988831	church/royalty,0.004219409282700422
Áedán_mac_Gabráin	church/royalty,0.8367834394904459	family,0.054140127388535034	royalty,0.03662420382165605	literature,0.028662420382165606	sports,0.010350318471337579	politics,0.00875796178343949	cricket,0.007165605095541401	military,0.006369426751592357	explorers,0.005573248407643312	music,0.005573248407643312
Ba_Cut	explorers,0.5404339250493096	family,0.2514792899408284	military,0.07495069033530571	politics,0.050788954635108484	church/royalty,0.03994082840236687	music,0.014299802761341223	royalty,0.009368836291913214	literature,0.0073964497041420114	sports,0.005917159763313609	cricket,0.005424063116370809
Baldwin_of_Forde	royalty,0.6489542114188808	family,0.13453928773318258	church/royalty,0.09270774448841153	literature,0.06218202374222725	explorers,0.016958733747880157	music,0.010740531373657434	cricket,0.010740531373657434	politics,0.008479366873940079	military,0.00791407574901074	sports,0.006783493499152063
Ban_Ki-moon	politics,0.4801732755748084	family,0.20593135621459513	military,0.10663112295901367	explorers,0.09830056647784072	literature,0.042652449183605466	sports,0.025658113962012664	music,0.013328890369876709	cricket,0.010329890036654448	royalty,0.008997000999666778	church/royalty,0.007997334221926024
Bart_King	cricket,0.5546218487394958	family,0.16354234001292825	royalty,0.08855850032320621	sports,0.0698125404007757	literature,0.05429864253393665	politics,0.02456367162249515	explorers,0.015513897866839044	military,0.010342598577892695	music,0.010342598577892695	church/royalty,0.008403361344537815
Barthélemy_Boganda	explorers,0.32861990950226244	family,0.251131221719457	politics,0.22963800904977374	church/royalty,0.04920814479638009	literature,0.04751131221719457	military,0.02997737556561086	royalty,0.026018099547511313	sports,0.014705882352941176	music,0.011877828054298642	cricket,0.011312217194570135
Basiliscus	church/royalty,0.5594020456333596	family,0.21951219512195122	royalty,0.05035405192761605	explorers,0.04799370574350905	military,0.04720692368214005	politics,0.03697875688434304	cricket,0.011801730920535013	sports,0.011014948859166011	literature,0.00944138473642801	music,0.006294256490952006
Bedřich_Smetana	music,0.44601571268237933	family,0.30549943883277214	literature,0.11156004489337823	royalty,0.035016835016835016	military,0.030751964085297418	church/royalty,0.023793490460157128	politics,0.022671156004489337	sports,0.010774410774410775	explorers,0.010325476992143659	cricket,0.003591470258136925
Ben_Paschal	sports,0.7588967971530249	family,0.10498220640569395	cricket,0.03291814946619217	military,0.02491103202846975	politics,0.023131672597864767	explorers,0.016903914590747332	royalty,0.012455516014234875	literature,0.009786476868327402	music,0.009786476868327402	church/royalty,0.006227758007117438
Benjamin_Franklin_Tilley	explorers,0.3961848862802641	politics,0.21496698459280997	military,0.17094644167278064	family,0.13132795304475423	church/royalty,0.02127659574468085	sports,0.019075568598679385	literature,0.014673514306676448	cricket,0.012472487160674981	royalty,0.01173881144534116	music,0.007336757153338224
Benjamin_Harrison	politics,0.6990070921985816	family,0.1676595744680851	royalty,0.035177304964539004	explorers,0.032624113475177303	literature,0.017588652482269502	military,0.01702127659574468	sports,0.011063829787234043	music,0.010212765957446808	church/royalty,0.005957446808510639	cricket,0.0036879432624113474
Benjamin_Morrell	explorers,0.5333978702807357	family,0.27637947725072604	literature,0.08906098741529525	royalty,0.030977734753146177	sports,0.016456921587608905	politics,0.014036786060019362	music,0.011616650532429816	military,0.011132623426911906	cricket,0.011132623426911906	church/royalty,0.005808325266214908
Benjamin_Mountfort	literature,0.42243116185359303	family,0.20819341840161182	royalty,0.16655473472128945	explorers,0.061114842175957015	church/royalty,0.050369375419744795	cricket,0.035594358629952985	politics,0.027535258562793822	military,0.0167897918065816	sports,0.006044325050369375	music,0.005372733378106112
Beorhtwulf_of_Mercia	church/royalty,0.7418326693227092	family,0.10916334661354582	royalty,0.06454183266932272	politics,0.016733067729083666	military,0.014342629482071713	literature,0.014342629482071713	music,0.011155378486055778	sports,0.009561752988047808	explorers,0.009561752988047808	cricket,0.008764940239043825
Bernard_Bosanquet_(cricketer)	cricket,0.7532985578398281	family,0.16017183185026082	literature,0.02332003682111077	sports,0.02209266646210494	royalty,0.017796870205584535	explorers,0.006443694384780607	military,0.005216324025774778	music,0.0046026388462718625	politics,0.00368211107701749	church/royalty,0.0033752684872660325
Bernard_Fanning	music,0.5274914089347079	family,0.24828178694158076	cricket,0.08247422680412371	literature,0.05154639175257732	royalty,0.027491408934707903	politics,0.024054982817869417	explorers,0.011168384879725086	sports,0.010309278350515464	military,0.010309278350515464	church/royalty,0.006872852233676976
Bert_Trautmann	sports,0.43027129938124703	family,0.2513089005235602	military,0.12327463112803427	cricket,0.0823417420276059	politics,0.029509757258448358	literature,0.020942408376963352	explorers,0.019990480723465015	royalty,0.018086625416468348	music,0.013802950975725845	church/royalty,0.010471204188481676
Bette_Davis	literature,0.5186836518046709	family,0.3021231422505308	politics,0.04883227176220807	sports,0.04182590233545647	music,0.035881104033970275	royalty,0.020806794055201697	cricket,0.014012738853503185	military,0.0074309978768577496	explorers,0.0065817409766454355	church/royalty,0.003821656050955414
Big_Star	music,0.628957528957529	family,0.24633204633204633	literature,0.05675675675675676	cricket,0.013127413127413128	royalty,0.012741312741312742	sports,0.011583011583011582	explorers,0.011583011583011582	military,0.008108108108108109	politics,0.0069498069498069494	church/royalty,0.003861003861003861
Bill_Brown_(cricketer)	cricket,0.8300092052776925	family,0.1024854249769868	military,0.0122737035900583	sports,0.01104633323105247	literature,0.010432648051549556	explorers,0.007977907333537895	politics,0.007977907333537895	royalty,0.007977907333537895	church/royalty,0.007057379564283523	music,0.0027615833077631177
Bill_Newton	military,0.557542768273717	family,0.16485225505443235	cricket,0.11975116640746501	explorers,0.04821150855365474	sports,0.04121306376360809	literature,0.017884914463452566	royalty,0.017107309486780714	church/royalty,0.013219284603421462	politics,0.013219284603421462	music,0.006998444790046656
Bill_O'Reilly_(cricketer)	cricket,0.68567668348322	family,0.18052204430796226	literature,0.04145645974994516	politics,0.021715288440447466	royalty,0.020179864005264312	sports,0.01754770783066462	military,0.016231629743364773	explorers,0.009870585654748848	music,0.004386926957666155	church/royalty,0.002412809826716385
Bill_Ponsford	cricket,0.6914893617021277	family,0.18523153942428036	sports,0.03879849812265332	military,0.02409261576971214	royalty,0.018460575719649562	literature,0.013454317897371715	music,0.007822277847309137	politics,0.007509386733416771	explorers,0.006570713391739674	church/royalty,0.006570713391739674
Bill_Russell	sports,0.675594039468385	family,0.23137333870318164	literature,0.027587595650422875	politics,0.02517116391461941	military,0.009061619009262988	royalty,0.007450664518727346	explorers,0.00684655658477648	cricket,0.00644381796214257	music,0.005235602094240838	church/royalty,0.005235602094240838
Bix_Beiderbecke	music,0.4952665670154459	family,0.2785251619332337	literature,0.08993522670652715	politics,0.03687095166915795	royalty,0.03114100647732935	sports,0.025411061285500747	explorers,0.018933731938216243	church/royalty,0.008221225710014948	cricket,0.008221225710014948	military,0.007473841554559043
Black_Francis	music,0.6680602006688964	family,0.16513377926421405	literature,0.05100334448160535	explorers,0.03804347826086957	royalty,0.030100334448160536	sports,0.014632107023411372	politics,0.011705685618729096	military,0.00919732441471572	church/royalty,0.006688963210702341	cricket,0.005434782608695652
Blair_Wark	military,0.7533718689788054	family,0.08285163776493257	royalty,0.04238921001926782	explorers,0.030828516377649325	cricket,0.029865125240847785	sports,0.016377649325626204	politics,0.01348747591522158	music,0.012524084778420038	literature,0.010597302504816955	church/royalty,0.007707129094412331
Bob_Dylan	music,0.5358994297563504	family,0.22019180922757906	literature,0.13426645930533956	politics,0.0321410057024365	sports,0.023976153447382062	explorers,0.01503369621565578	royalty,0.012960082944530845	cricket,0.012312078797304303	church/royalty,0.007776049766718507	military,0.005443234836702955
Bob_McEwen	politics,0.6292618338298577	family,0.21482952664680569	literature,0.037073816617014234	cricket,0.030122476001324065	sports,0.029791459781529295	music,0.017543859649122806	explorers,0.017212843429328037	military,0.011916583912611719	church/royalty,0.007282356835484938	royalty,0.004965243296921549
Bob_Meusel	sports,0.7212572373862697	cricket,0.10090984284532671	family,0.06451612903225806	military,0.028122415219189414	explorers,0.021505376344086023	literature,0.0206782464846981	politics,0.017369727047146403	royalty,0.009925558312655087	music,0.008271298593879239	church/royalty,0.007444168734491315
Bob_Windle	sports,0.672027972027972	family,0.13566433566433567	cricket,0.1027972027972028	military,0.02727272727272727	politics,0.022377622377622378	literature,0.011888111888111888	church/royalty,0.00909090909090909	music,0.006993006993006993	royalty,0.006293706293706294	explorers,0.005594405594405594
Bobby_Eaton	sports,0.6827747466874513	family,0.16445830085736554	music,0.03858144972720187	explorers,0.02377240841777085	literature,0.02338269680436477	cricket,0.020654715510522212	royalty,0.01675759937646142	politics,0.012470771628994544	military,0.012081060015588464	church/royalty,0.005066250974279034
Bobby_Robson	sports,0.5544658493870402	family,0.18598949211908933	cricket,0.07145359019264448	royalty,0.056742556917688265	literature,0.044133099824868655	military,0.03187390542907181	politics,0.02276707530647986	explorers,0.015411558669001752	church/royalty,0.009106830122591943	music,0.008056042031523642
Bradley_Joseph	music,0.6184486373165619	family,0.24150943396226415	literature,0.059958071278826	explorers,0.02348008385744235	politics,0.02012578616352201	sports,0.010062893081761006	church/royalty,0.008385744234800839	cricket,0.0067085953878406705	military,0.006289308176100629	royalty,0.005031446540880503
Brian_Booth	cricket,0.7429746401644962	family,0.14427690198766277	sports,0.0387251542152159	politics,0.018848526387936944	royalty,0.01610692254969157	literature,0.01405071967100754	explorers,0.0075394105551747775	church/royalty,0.0075394105551747775	military,0.005140507196710075	music,0.004797806716929404
Brian_Eaton	military,0.7600246761258482	family,0.1307834669956817	sports,0.027760641579272053	royalty,0.017890191239975324	music,0.014805675508945095	politics,0.01418877236273905	cricket,0.01418877236273905	explorers,0.010487353485502776	literature,0.004935225169648365	church/royalty,0.004935225169648365
Brian_Horrocks	military,0.6239495798319328	family,0.2134453781512605	royalty,0.037815126050420166	sports,0.03235294117647059	literature,0.023949579831932775	politics,0.019327731092436976	cricket,0.015126050420168067	explorers,0.014705882352941176	music,0.010084033613445379	church/royalty,0.009243697478991597
Bronwyn_Bancroft	literature,0.5754290876242095	cricket,0.12375790424570912	military,0.08130081300813008	family,0.07317073170731707	politics,0.05420054200542006	explorers,0.026196928635953028	royalty,0.023486901535682024	music,0.02168021680216802	sports,0.015356820234869015	church/royalty,0.005420054200542005
Bronwyn_Oliver	literature,0.5459221160911095	family,0.19397501836884642	cricket,0.09551800146950772	music,0.04335047759000735	military,0.03232916972814107	sports,0.024246877296105803	church/royalty,0.02204261572373255	politics,0.016164584864070537	explorers,0.01322556943423953	royalty,0.01322556943423953
Bruce_Kingsbury	military,0.6191446028513238	family,0.17515274949083504	explorers,0.054989816700611	sports,0.034623217922606926	music,0.028513238289205704	literature,0.02240325865580448	cricket,0.02240325865580448	royalty,0.015274949083503055	politics,0.014256619144602852	church/royalty,0.013238289205702648
Brunette_Coleman	literature,0.5581127733026467	family,0.28461833525124663	explorers,0.03222094361334868	royalty,0.031070195627157654	music,0.028768699654775604	sports,0.020713463751438434	church/royalty,0.016877637130801686	military,0.013425393172228616	cricket,0.007671653241273495	politics,0.00652090525508247
Bruno_Maddox	literature,0.3386411889596603	explorers,0.3237791932059448	family,0.2054140127388535	music,0.04883227176220807	cricket,0.022823779193205943	sports,0.01751592356687898	royalty,0.01751592356687898	military,0.012208067940552018	politics,0.009554140127388535	church/royalty,0.0037154989384288748
Bryan_Gunn	sports,0.5030476873431338	family,0.2649695231265687	cricket,0.06202940121907494	literature,0.04195051989960559	royalty,0.03442093940480459	music,0.027967013266403728	military,0.02509860164933668	politics,0.024381498745069917	church/royalty,0.008963786303334529	explorers,0.007171029042667623
C._D._Howe	politics,0.5381697486960645	family,0.3082029397818872	military,0.06211474632527264	royalty,0.04504504504504504	literature,0.012328117591275486	explorers,0.010905642484589853	cricket,0.008297771455666193	sports,0.007112375533428165	music,0.005452821242294926	church/royalty,0.002370791844476055
Calvin_Coolidge	politics,0.6272577996715928	family,0.2438423645320197	literature,0.03065134099616858	royalty,0.020251778872468526	explorers,0.019978106185002738	military,0.0180623973727422	church/royalty,0.012862616310892173	cricket,0.010946907498631636	sports,0.008483853311439518	music,0.007662835249042145
Caroline_of_Ansbach	royalty,0.632661996497373	family,0.2574430823117338	literature,0.0297723292469352	explorers,0.016637478108581436	church/royalty,0.01576182136602452	politics,0.0148861646234676	sports,0.009632224168126095	cricket,0.008318739054290718	military,0.00788091068301226	music,0.0070052539404553416
Carsten_Borchgrevink	explorers,0.4909090909090909	family,0.30073710073710075	military,0.055036855036855035	royalty,0.04520884520884521	literature,0.04078624078624079	politics,0.022604422604422605	cricket,0.012776412776412777	music,0.010810810810810811	church/royalty,0.010810810810810811	sports,0.010319410319410319
Caspar_David_Friedrich	literature,0.48819742489270385	family,0.2932761087267525	music,0.04971387696709585	military,0.04291845493562232	royalty,0.04256080114449213	church/royalty,0.03648068669527897	explorers,0.029685264663805437	politics,0.006437768240343348	sports,0.00536480686695279	cricket,0.00536480686695279
Catherine_de'_Medici	royalty,0.5157402852926709	family,0.29340875553369405	church/royalty,0.05115592720118052	literature,0.04746679783571077	explorers,0.025332021642892277	military,0.01942941465814068	sports,0.013280865715691098	politics,0.012297097884899164	cricket,0.011067388096409248	music,0.010821446138711265
Ceawlin_of_Wessex	church/royalty,0.8128718226068145	family,0.1065440778799351	cricket,0.02055164954029205	literature,0.014602487831260141	royalty,0.01081665765278529	sports,0.008112493239588967	explorers,0.0075716603569497025	politics,0.007030827474310438	military,0.005949161709031909	music,0.005949161709031909
Cedric_Howell	military,0.7357512953367875	family,0.0924006908462867	royalty,0.04922279792746114	cricket,0.037132987910189985	explorers,0.018998272884283247	sports,0.016407599309153715	literature,0.01468048359240069	music,0.012953367875647668	church/royalty,0.012089810017271158	politics,0.010362694300518135
Charles_Atangana	family,0.29550717924965264	church/royalty,0.2797591477535896	explorers,0.1440481704492821	military,0.10375173691523853	politics,0.07642427049559981	literature,0.03937007874015748	royalty,0.0333487725798981	music,0.01667438628994905	sports,0.006021306160259379	cricket,0.005094951366373321
Charles_Carroll_the_Settler	royalty,0.35194709772226307	politics,0.3188831741366642	family,0.1991182953710507	explorers,0.060249816311535635	church/royalty,0.028655400440852314	literature,0.015429831006612785	sports,0.00881704628949302	military,0.006612784717119765	cricket,0.006612784717119765	music,0.0036737692872887582
Charles_Eaton_(RAAF_officer)	military,0.7072263549415515	family,0.14187035069075452	royalty,0.02975557917109458	cricket,0.0281615302869288	politics,0.025504782146652496	explorers,0.023379383634431455	music,0.01381509032943677	sports,0.011158342189160468	literature,0.011158342189160468	church/royalty,0.007970244420828906
Charles_Edward_Magoon	politics,0.5602055800293686	family,0.24082232011747431	literature,0.04405286343612335	explorers,0.04185022026431718	military,0.0381791483113069	music,0.022026431718061675	church/royalty,0.019823788546255508	royalty,0.016886930983847283	sports,0.010279001468428781	cricket,0.005873715124816446
Charles_Holden	literature,0.47091503267973855	family,0.21470588235294116	military,0.12058823529411765	royalty,0.07679738562091504	politics,0.04411764705882353	music,0.020261437908496733	explorers,0.016666666666666666	church/royalty,0.01437908496732026	cricket,0.013398692810457516	sports,0.008169934640522876
Charles_II_of_England	royalty,0.6264314453729496	family,0.19127205199628597	politics,0.055710306406685235	military,0.036211699164345405	church/royalty,0.03404518724852987	explorers,0.023522129371711543	literature,0.015784586815227482	cricket,0.008047044258743422	sports,0.005880532342927886	music,0.0030950170225936243
Charles_Stewart_(Canadian_politician)	politics,0.6428252123379526	family,0.24228877961555656	royalty,0.04604380867232901	military,0.01743406347787215	literature,0.015198927134555208	cricket,0.010281627179257935	church/royalty,0.009834599910594547	explorers,0.007152436298614216	sports,0.006705409029950827	music,0.002235136343316942
Charles_Villiers_Stanford	music,0.47723035952063914	family,0.22689747003994673	literature,0.1440745672436751	royalty,0.0948069241011984	military,0.016245006657789614	cricket,0.010918774966711052	church/royalty,0.010119840213049267	politics,0.008788282290279626	sports,0.006125166444740347	explorers,0.004793608521970706
Charlie_Macartney	cricket,0.815490288962577	family,0.105873993368072	military,0.023685457129322594	literature,0.012079583135954523	politics,0.011842728564661297	royalty,0.00994789199431549	music,0.0071056371387967785	sports,0.005447655139744197	explorers,0.004973945997157745	church/royalty,0.0035528185693983892
Charlotte_Stuart,_Duchess_of_Albany	royalty,0.5471923536439666	family,0.27956989247311825	literature,0.05675029868578255	explorers,0.02867383512544803	church/royalty,0.026284348864994027	military,0.023297491039426525	music,0.017323775388291517	politics,0.01015531660692951	sports,0.005973715651135006	cricket,0.0047789725209080045
Chester_A._Arthur	politics,0.6752897350993378	family,0.21978476821192053	military,0.025869205298013245	royalty,0.02504139072847682	literature,0.01945364238410596	explorers,0.011382450331125827	sports,0.008278145695364239	cricket,0.005587748344370861	music,0.004759933774834437	church/royalty,0.004552980132450331
Chinua_Achebe	literature,0.4691334355828221	family,0.3293711656441718	politics,0.0571319018404908	explorers,0.04006901840490797	church/royalty,0.023197852760736198	military,0.02147239263803681	music,0.020705521472392636	royalty,0.019555214723926382	sports,0.011886503067484663	cricket,0.007476993865030675
Choe_Bu	explorers,0.43763037129745513	family,0.2903629536921151	literature,0.08886107634543179	church/royalty,0.05214851898206091	politics,0.051731330830204425	military,0.03504380475594493	royalty,0.019190654985398414	sports,0.008343763037129746	music,0.008343763037129746	cricket,0.008343763037129746
Christopher_Smart's_asylum_confinement	family,0.46422018348623856	literature,0.41027522935779814	royalty,0.032293577981651375	politics,0.02495412844036697	music,0.02128440366972477	explorers,0.01651376146788991	church/royalty,0.011376146788990826	cricket,0.008440366972477064	military,0.0066055045871559635	sports,0.004036697247706422
Chrisye	music,0.689424753050552	family,0.19349215572341663	literature,0.03282975014526438	military,0.01656013945380593	cricket,0.014235909355026147	politics,0.013945380592678676	royalty,0.013945380592678676	sports,0.00958744915746659	explorers,0.009296920395119116	church/royalty,0.006682161533991865
Cillian_Murphy	literature,0.459718026183283	family,0.21550855991943604	music,0.1908358509566969	sports,0.02920443101711984	politics,0.028700906344410877	royalty,0.020644511581067473	cricket,0.017119838872104734	explorers,0.013595166163141994	military,0.012588116817724069	church/royalty,0.012084592145015106
Clem_Hill	cricket,0.7513920733704553	family,0.13658696364231904	sports,0.04487389452997052	politics,0.01473960039305601	royalty,0.012774320340648543	literature,0.011136586963642319	explorers,0.00982640026203734	military,0.00917130691123485	church/royalty,0.0055682934818211596	music,0.003930560104814936
Clement_of_Dunblane	royalty,0.5322076297686054	family,0.26641651031894936	church/royalty,0.10006253908692933	politics,0.028142589118198873	explorers,0.021263289555972485	literature,0.020637898686679174	sports,0.013133208255159476	military,0.008755472170106316	cricket,0.005628517823639775	music,0.00375234521575985
Clements_Markham	explorers,0.4350968488002313	family,0.2168256721595837	literature,0.0956923966464296	royalty,0.08152645273200347	military,0.07950274645851402	politics,0.04741254697889564	church/royalty,0.01676785198034114	cricket,0.0132986412257878	sports,0.010985834056085574	music,0.0028910089621277824
CM_Punk	sports,0.6846	family,0.1742	music,0.0372	literature,0.0294	cricket,0.0168	politics,0.015	royalty,0.0138	explorers,0.0118	military,0.0102	church/royalty,0.0070
Coenred_of_Mercia	church/royalty,0.8002450980392157	family,0.0784313725490196	royalty,0.051470588235294115	politics,0.015931372549019607	music,0.012254901960784314	explorers,0.011029411764705883	literature,0.00857843137254902	cricket,0.00857843137254902	sports,0.007352941176470588	military,0.006127450980392157
